x-axis,1
second,Volt
-25.050000E-06,
-25.047500E-06,
-25.045000E-06,
-25.042500E-06,
-25.040000E-06,
-25.037500E-06,+2.979090550914E+00
-25.035000E-06,+2.963412158191E+00
-25.032500E-06,+2.947733765468E+00
-25.030000E-06,+2.916376980022E+00
-25.027500E-06,+2.885020194575E+00
-25.025000E-06,+2.869341801852E+00
-25.022500E-06,+2.885020194575E+00
-25.020000E-06,+2.916376980022E+00
-25.017500E-06,+2.916376980022E+00
-25.015000E-06,+2.898738788209E+00
-25.012500E-06,+2.851703610039E+00
-25.010000E-06,+2.837985016406E+00
-25.007500E-06,+2.869341801852E+00
-25.005000E-06,+2.902658386388E+00
-25.002500E-06,+2.885020194575E+00
-25.000000E-06,+2.836025217316E+00
-24.997500E-06,+2.790949838236E+00
-24.995000E-06,+2.822306623682E+00
-24.992500E-06,+2.855623208218E+00
-24.990000E-06,+2.867382002763E+00
-24.987500E-06,+2.820346824593E+00
-24.985000E-06,+2.775271445513E+00
-24.982500E-06,+2.777231244602E+00
-24.980000E-06,+2.822306623682E+00
-24.977500E-06,+2.836025217316E+00
-24.975000E-06,+2.790949838236E+00
-24.972500E-06,+2.759593052790E+00
-24.970000E-06,+2.759593052790E+00
-24.967500E-06,+2.790949838236E+00
-24.965000E-06,+2.790949838236E+00
-24.962500E-06,+2.775271445513E+00
-24.960000E-06,+2.759593052790E+00
-24.957500E-06,+2.743914660066E+00
-24.955000E-06,+2.743914660066E+00
-24.952500E-06,+2.745874459155E+00
-24.950000E-06,+2.759593052790E+00
-24.947500E-06,+2.741954860978E+00
-24.945000E-06,+2.712557874620E+00
-24.942500E-06,+2.712557874620E+00
-24.940000E-06,+2.712557874620E+00
-24.937500E-06,+2.712557874620E+00
-24.935000E-06,+2.712557874620E+00
-24.932500E-06,+2.696879481897E+00
-24.930000E-06,+2.681201089174E+00
-24.927500E-06,+2.681201089174E+00
-24.925000E-06,+2.681201089174E+00
-24.922500E-06,+2.681201089174E+00
-24.920000E-06,+2.665522696450E+00
-24.917500E-06,+2.649844303727E+00
-24.915000E-06,+2.649844303727E+00
-24.912500E-06,+2.649844303727E+00
-24.910000E-06,+2.663562897362E+00
-24.907500E-06,+2.649844303727E+00
-24.905000E-06,+2.634165911004E+00
-24.902500E-06,+2.634165911004E+00
-24.900000E-06,+2.620447317369E+00
-24.897500E-06,+2.618487518281E+00
-24.895000E-06,+2.618487518281E+00
-24.892500E-06,+2.618487518281E+00
-24.890000E-06,+2.602809125558E+00
-24.887500E-06,+2.587130732834E+00
-24.885000E-06,+2.602809125558E+00
-24.882500E-06,+2.602809125558E+00
-24.880000E-06,+2.587130732834E+00
-24.877500E-06,+2.571452340111E+00
-24.875000E-06,+2.571452340111E+00
-24.872500E-06,+2.571452340111E+00
-24.870000E-06,+2.571452340111E+00
-24.867500E-06,+2.555773947388E+00
-24.865000E-06,+2.555773947388E+00
-24.862500E-06,+2.555773947388E+00
-24.860000E-06,+2.540095554665E+00
-24.857500E-06,+2.540095554665E+00
-24.855000E-06,+2.540095554665E+00
-24.852500E-06,+2.540095554665E+00
-24.850000E-06,+2.524417161942E+00
-24.847500E-06,+2.524417161942E+00
-24.845000E-06,+2.524417161942E+00
-24.842500E-06,+2.524417161942E+00
-24.840000E-06,+2.508738769218E+00
-24.837500E-06,+2.508738769218E+00
-24.835000E-06,+2.508738769218E+00
-24.832500E-06,+2.493060376495E+00
-24.830000E-06,+2.493060376495E+00
-24.827500E-06,+2.493060376495E+00
-24.825000E-06,+2.493060376495E+00
-24.822500E-06,+2.491100577408E+00
-24.820000E-06,+2.477381983772E+00
-24.817500E-06,+2.461703591049E+00
-24.815000E-06,+2.461703591049E+00
-24.812500E-06,+2.461703591049E+00
-24.810000E-06,+2.446025198326E+00
-24.807500E-06,+2.446025198326E+00
-24.805000E-06,+2.446025198326E+00
-24.802500E-06,+2.446025198326E+00
-24.800000E-06,+2.430346805602E+00
-24.797500E-06,+2.414668412879E+00
-24.795000E-06,+2.414668412879E+00
-24.792500E-06,+2.412708613793E+00
-24.790000E-06,+2.414668412879E+00
-24.787500E-06,+2.398990020156E+00
-24.785000E-06,+2.398990020156E+00
-24.782500E-06,+2.398990020156E+00
-24.780000E-06,+2.383311627433E+00
-24.777500E-06,+2.383311627433E+00
-24.775000E-06,+2.383311627433E+00
-24.772500E-06,+2.383311627433E+00
-24.770000E-06,+2.383311627433E+00
-24.767500E-06,+2.367633234710E+00
-24.765000E-06,+2.367633234710E+00
-24.762500E-06,+2.367633234710E+00
-24.760000E-06,+2.367633234710E+00
-24.757500E-06,+2.351954841986E+00
-24.755000E-06,+2.351954841986E+00
-24.752500E-06,+2.336276449263E+00
-24.750000E-06,+2.336276449263E+00
-24.747500E-06,+2.336276449263E+00
-24.745000E-06,+2.336276449263E+00
-24.742500E-06,+2.336276449263E+00
-24.740000E-06,+2.320598056540E+00
-24.737500E-06,+2.320598056540E+00
-24.735000E-06,+2.318638257455E+00
-24.732500E-06,+2.304919663817E+00
-24.730000E-06,+2.304919663817E+00
-24.727500E-06,+2.304919663817E+00
-24.725000E-06,+2.304919663817E+00
-24.722500E-06,+2.289241271093E+00
-24.720000E-06,+2.289241271093E+00
-24.717500E-06,+2.289241271093E+00
-24.715000E-06,+2.273562878370E+00
-24.712500E-06,+2.273562878370E+00
-24.710000E-06,+2.257884485647E+00
-24.707500E-06,+2.257884485647E+00
-24.705000E-06,+2.257884485647E+00
-24.702500E-06,+2.242206092924E+00
-24.700000E-06,+2.244165892009E+00
-24.697500E-06,+2.242206092924E+00
-24.695000E-06,+2.240246293839E+00
-24.692500E-06,+2.226527700201E+00
-24.690000E-06,+2.226527700201E+00
-24.687500E-06,+2.226527700201E+00
-24.685000E-06,+2.210849307477E+00
-24.682500E-06,+2.210849307477E+00
-24.680000E-06,+2.210849307477E+00
-24.677500E-06,+2.210849307477E+00
-24.675000E-06,+2.210849307477E+00
-24.672500E-06,+2.210849307477E+00
-24.670000E-06,+2.210849307477E+00
-24.667500E-06,+2.195170914754E+00
-24.665000E-06,+2.179492522031E+00
-24.662500E-06,+2.179492522031E+00
-24.660000E-06,+2.179492522031E+00
-24.657500E-06,+2.179492522031E+00
-24.655000E-06,+2.163814129308E+00
-24.652500E-06,+2.163814129308E+00
-24.650000E-06,+2.163814129308E+00
-24.647500E-06,+2.163814129308E+00
-24.645000E-06,+2.148135736585E+00
-24.642500E-06,+2.148135736585E+00
-24.640000E-06,+2.163814129308E+00
-24.637500E-06,+2.148135736585E+00
-24.635000E-06,+2.132457343861E+00
-24.632500E-06,+2.116778951138E+00
-24.630000E-06,+2.116778951138E+00
-24.627500E-06,+2.132457343861E+00
-24.625000E-06,+2.116778951138E+00
-24.622500E-06,+2.116778951138E+00
-24.620000E-06,+2.116778951138E+00
-24.617500E-06,+2.114819152055E+00
-24.615000E-06,+2.101100558415E+00
-24.612500E-06,+2.101100558415E+00
-24.610000E-06,+2.085422165692E+00
-24.607500E-06,+2.085422165692E+00
-24.605000E-06,+2.085422165692E+00
-24.602500E-06,+2.085422165692E+00
-24.600000E-06,+2.069743772969E+00
-24.597500E-06,+2.069743772969E+00
-24.595000E-06,+2.069743772969E+00
-24.592500E-06,+2.069743772969E+00
-24.590000E-06,+2.067783973886E+00
-24.587500E-06,+2.054065380245E+00
-24.585000E-06,+2.054065380245E+00
-24.582500E-06,+2.054065380245E+00
-24.580000E-06,+2.054065380245E+00
-24.577500E-06,+2.038386987522E+00
-24.575000E-06,+2.022708594799E+00
-24.572500E-06,+2.038386987522E+00
-24.570000E-06,+2.038386987522E+00
-24.567500E-06,+2.022708594799E+00
-24.565000E-06,+2.022708594799E+00
-24.562500E-06,+2.022708594799E+00
-24.560000E-06,+2.022708594799E+00
-24.557500E-06,+2.007030202076E+00
-24.555000E-06,+2.007030202076E+00
-24.552500E-06,+2.007030202076E+00
-24.550000E-06,+2.007030202076E+00
-24.547500E-06,+2.007030202076E+00
-24.545000E-06,+1.991351809353E+00
-24.542500E-06,+1.991351809353E+00
-24.540000E-06,+1.991351809353E+00
-24.537500E-06,+1.991351809353E+00
-24.535000E-06,+1.959995023906E+00
-24.532500E-06,+1.959995023906E+00
-24.530000E-06,+1.975673416629E+00
-24.527500E-06,+1.959995023906E+00
-24.525000E-06,+1.959995023906E+00
-24.522500E-06,+1.959995023906E+00
-24.520000E-06,+1.959995023906E+00
-24.517500E-06,+1.959995023906E+00
-24.515000E-06,+1.944316631183E+00
-24.512500E-06,+1.944316631183E+00
-24.510000E-06,+1.944316631183E+00
-24.507500E-06,+1.944316631183E+00
-24.505000E-06,+1.928638238460E+00
-24.502500E-06,+1.928638238460E+00
-24.500000E-06,+1.928638238460E+00
-24.497500E-06,+1.928638238460E+00
-24.495000E-06,+1.912959845737E+00
-24.492500E-06,+1.912959845737E+00
-24.490000E-06,+1.912959845737E+00
-24.487500E-06,+1.897281453013E+00
-24.485000E-06,+1.895321653932E+00
-24.482500E-06,+1.881603060290E+00
-24.480000E-06,+1.881603060290E+00
-24.477500E-06,+1.881603060290E+00
-24.475000E-06,+1.881603060290E+00
-24.472500E-06,+1.881603060290E+00
-24.470000E-06,+1.881603060290E+00
-24.467500E-06,+1.881603060290E+00
-24.465000E-06,+1.881603060290E+00
-24.462500E-06,+1.865924667567E+00
-24.460000E-06,+1.865924667567E+00
-24.457500E-06,+1.865924667567E+00
-24.455000E-06,+1.865924667567E+00
-24.452500E-06,+1.850246274844E+00
-24.450000E-06,+1.850246274844E+00
-24.447500E-06,+1.850246274844E+00
-24.445000E-06,+1.850246274844E+00
-24.442500E-06,+1.834567882121E+00
-24.440000E-06,+1.834567882121E+00
-24.437500E-06,+1.834567882121E+00
-24.435000E-06,+1.818889489397E+00
-24.432500E-06,+1.818889489397E+00
-24.430000E-06,+1.818889489397E+00
-24.427500E-06,+1.818889489397E+00
-24.425000E-06,+1.818889489397E+00
-24.422500E-06,+1.803211096674E+00
-24.420000E-06,+1.803211096674E+00
-24.417500E-06,+1.803211096674E+00
-24.415000E-06,+1.803211096674E+00
-24.412500E-06,+1.787532703951E+00
-24.410000E-06,+1.787532703951E+00
-24.407500E-06,+1.787532703951E+00
-24.405000E-06,+1.787532703951E+00
-24.402500E-06,+1.771854311228E+00
-24.400000E-06,+1.787532703951E+00
-24.397500E-06,+1.787532703951E+00
-24.395000E-06,+1.771854311228E+00
-24.392500E-06,+1.769894512148E+00
-24.390000E-06,+1.771854311228E+00
-24.387500E-06,+1.771854311228E+00
-24.385000E-06,+1.756175918505E+00
-24.382500E-06,+1.756175918505E+00
-24.380000E-06,+1.756175918505E+00
-24.377500E-06,+1.740497525781E+00
-24.375000E-06,+1.740497525781E+00
-24.372500E-06,+1.740497525781E+00
-24.370000E-06,+1.740497525781E+00
-24.367500E-06,+1.740497525781E+00
-24.365000E-06,+1.724819133058E+00
-24.362500E-06,+1.724819133058E+00
-24.360000E-06,+1.722859333979E+00
-24.357500E-06,+1.709140740335E+00
-24.355000E-06,+1.709140740335E+00
-24.352500E-06,+1.709140740335E+00
-24.350000E-06,+1.693462347612E+00
-24.347500E-06,+1.693462347612E+00
-24.345000E-06,+1.693462347612E+00
-24.342500E-06,+1.693462347612E+00
-24.340000E-06,+1.693462347612E+00
-24.337500E-06,+1.677783954889E+00
-24.335000E-06,+1.677783954889E+00
-24.332500E-06,+1.677783954889E+00
-24.330000E-06,+1.677783954889E+00
-24.327500E-06,+1.677783954889E+00
-24.325000E-06,+1.677783954889E+00
-24.322500E-06,+1.677783954889E+00
-24.320000E-06,+1.677783954889E+00
-24.317500E-06,+1.662105562165E+00
-24.315000E-06,+1.646427169442E+00
-24.312500E-06,+1.646427169442E+00
-24.310000E-06,+1.648386968520E+00
-24.307500E-06,+1.646427169442E+00
-24.305000E-06,+1.646427169442E+00
-24.302500E-06,+1.646427169442E+00
-24.300000E-06,+1.646427169442E+00
-24.297500E-06,+1.646427169442E+00
-24.295000E-06,+1.646427169442E+00
-24.292500E-06,+1.646427169442E+00
-24.290000E-06,+1.630748776719E+00
-24.287500E-06,+1.630748776719E+00
-24.285000E-06,+1.630748776719E+00
-24.282500E-06,+1.615070383996E+00
-24.280000E-06,+1.615070383996E+00
-24.277500E-06,+1.615070383996E+00
-24.275000E-06,+1.615070383996E+00
-24.272500E-06,+1.615070383996E+00
-24.270000E-06,+1.615070383996E+00
-24.267500E-06,+1.599391991273E+00
-24.265000E-06,+1.599391991273E+00
-24.262500E-06,+1.599391991273E+00
-24.260000E-06,+1.599391991273E+00
-24.257500E-06,+1.583713598549E+00
-24.255000E-06,+1.583713598549E+00
-24.252500E-06,+1.585673397627E+00
-24.250000E-06,+1.583713598549E+00
-24.247500E-06,+1.583713598549E+00
-24.245000E-06,+1.568035205826E+00
-24.242500E-06,+1.568035205826E+00
-24.240000E-06,+1.583713598549E+00
-24.237500E-06,+1.568035205826E+00
-24.235000E-06,+1.568035205826E+00
-24.232500E-06,+1.552356813103E+00
-24.230000E-06,+1.566075406749E+00
-24.227500E-06,+1.552356813103E+00
-24.225000E-06,+1.552356813103E+00
-24.222500E-06,+1.552356813103E+00
-24.220000E-06,+1.550397014026E+00
-24.217500E-06,+1.536678420380E+00
-24.215000E-06,+1.536678420380E+00
-24.212500E-06,+1.536678420380E+00
-24.210000E-06,+1.536678420380E+00
-24.207500E-06,+1.536678420380E+00
-24.205000E-06,+1.521000027657E+00
-24.202500E-06,+1.521000027657E+00
-24.200000E-06,+1.521000027657E+00
-24.197500E-06,+1.521000027657E+00
-24.195000E-06,+1.521000027657E+00
-24.192500E-06,+1.505321634933E+00
-24.190000E-06,+1.505321634933E+00
-24.187500E-06,+1.491603041287E+00
-24.185000E-06,+1.505321634933E+00
-24.182500E-06,+1.505321634933E+00
-24.180000E-06,+1.489643242210E+00
-24.177500E-06,+1.489643242210E+00
-24.175000E-06,+1.489643242210E+00
-24.172500E-06,+1.503361835857E+00
-24.170000E-06,+1.489643242210E+00
-24.167500E-06,+1.489643242210E+00
-24.165000E-06,+1.489643242210E+00
-24.162500E-06,+1.489643242210E+00
-24.160000E-06,+1.473964849487E+00
-24.157500E-06,+1.473964849487E+00
-24.155000E-06,+1.473964849487E+00
-24.152500E-06,+1.472005050411E+00
-24.150000E-06,+1.458286456764E+00
-24.147500E-06,+1.458286456764E+00
-24.145000E-06,+1.458286456764E+00
-24.142500E-06,+1.442608064041E+00
-24.140000E-06,+1.442608064041E+00
-24.137500E-06,+1.442608064041E+00
-24.135000E-06,+1.442608064041E+00
-24.132500E-06,+1.442608064041E+00
-24.130000E-06,+1.442608064041E+00
-24.127500E-06,+1.442608064041E+00
-24.125000E-06,+1.440648264965E+00
-24.122500E-06,+1.426929671317E+00
-24.120000E-06,+1.426929671317E+00
-24.117500E-06,+1.426929671317E+00
-24.115000E-06,+1.426929671317E+00
-24.112500E-06,+1.411251278594E+00
-24.110000E-06,+1.411251278594E+00
-24.107500E-06,+1.411251278594E+00
-24.105000E-06,+1.411251278594E+00
-24.102500E-06,+1.409291479519E+00
-24.100000E-06,+1.411251278594E+00
-24.097500E-06,+1.411251278594E+00
-24.095000E-06,+1.395572885871E+00
-24.092500E-06,+1.395572885871E+00
-24.090000E-06,+1.395572885871E+00
-24.087500E-06,+1.395572885871E+00
-24.085000E-06,+1.379894493148E+00
-24.082500E-06,+1.379894493148E+00
-24.080000E-06,+1.379894493148E+00
-24.077500E-06,+1.379894493148E+00
-24.075000E-06,+1.379894493148E+00
-24.072500E-06,+1.379894493148E+00
-24.070000E-06,+1.379894493148E+00
-24.067500E-06,+1.377934694073E+00
-24.065000E-06,+1.364216100425E+00
-24.062500E-06,+1.364216100425E+00
-24.060000E-06,+1.364216100425E+00
-24.057500E-06,+1.364216100425E+00
-24.055000E-06,+1.348537707701E+00
-24.052500E-06,+1.348537707701E+00
-24.050000E-06,+1.348537707701E+00
-24.047500E-06,+1.348537707701E+00
-24.045000E-06,+1.348537707701E+00
-24.042500E-06,+1.348537707701E+00
-24.040000E-06,+1.348537707701E+00
-24.037500E-06,+1.348537707701E+00
-24.035000E-06,+1.332859314978E+00
-24.032500E-06,+1.332859314978E+00
-24.030000E-06,+1.332859314978E+00
-24.027500E-06,+1.332859314978E+00
-24.025000E-06,+1.317180922255E+00
-24.022500E-06,+1.317180922255E+00
-24.020000E-06,+1.317180922255E+00
-24.017500E-06,+1.317180922255E+00
-24.015000E-06,+1.317180922255E+00
-24.012500E-06,+1.317180922255E+00
-24.010000E-06,+1.317180922255E+00
-24.007500E-06,+1.301502529532E+00
-24.005000E-06,+1.301502529532E+00
-24.002500E-06,+1.301502529532E+00
-24.000000E-06,+1.301502529532E+00
-23.997500E-06,+1.299542730458E+00
-23.995000E-06,+1.285824136809E+00
-23.992500E-06,+1.285824136809E+00
-23.990000E-06,+1.287783935882E+00
-23.987500E-06,+1.285824136809E+00
-23.985000E-06,+1.270145744085E+00
-23.982500E-06,+1.270145744085E+00
-23.980000E-06,+1.285824136809E+00
-23.977500E-06,+1.270145744085E+00
-23.975000E-06,+1.270145744085E+00
-23.972500E-06,+1.270145744085E+00
-23.970000E-06,+1.270145744085E+00
-23.967500E-06,+1.270145744085E+00
-23.965000E-06,+1.254467351362E+00
-23.962500E-06,+1.254467351362E+00
-23.960000E-06,+1.254467351362E+00
-23.957500E-06,+1.254467351362E+00
-23.955000E-06,+1.238788958639E+00
-23.952500E-06,+1.238788958639E+00
-23.950000E-06,+1.238788958639E+00
-23.947500E-06,+1.238788958639E+00
-23.945000E-06,+1.238788958639E+00
-23.942500E-06,+1.236829159567E+00
-23.940000E-06,+1.238788958639E+00
-23.937500E-06,+1.238788958639E+00
-23.935000E-06,+1.238788958639E+00
-23.932500E-06,+1.223110565916E+00
-23.930000E-06,+1.223110565916E+00
-23.927500E-06,+1.223110565916E+00
-23.925000E-06,+1.223110565916E+00
-23.922500E-06,+1.223110565916E+00
-23.920000E-06,+1.223110565916E+00
-23.917500E-06,+1.223110565916E+00
-23.915000E-06,+1.207432173193E+00
-23.912500E-06,+1.207432173193E+00
-23.910000E-06,+1.223110565916E+00
-23.907500E-06,+1.207432173193E+00
-23.905000E-06,+1.207432173193E+00
-23.902500E-06,+1.207432173193E+00
-23.900000E-06,+1.207432173193E+00
-23.897500E-06,+1.191753780469E+00
-23.895000E-06,+1.189793981398E+00
-23.892500E-06,+1.176075387746E+00
-23.890000E-06,+1.191753780469E+00
-23.887500E-06,+1.191753780469E+00
-23.885000E-06,+1.189793981398E+00
-23.882500E-06,+1.176075387746E+00
-23.880000E-06,+1.176075387746E+00
-23.877500E-06,+1.191753780469E+00
-23.875000E-06,+1.189793981398E+00
-23.872500E-06,+1.176075387746E+00
-23.870000E-06,+1.176075387746E+00
-23.867500E-06,+1.176075387746E+00
-23.865000E-06,+1.174115588675E+00
-23.862500E-06,+1.160396995023E+00
-23.860000E-06,+1.160396995023E+00
-23.857500E-06,+1.160396995023E+00
-23.855000E-06,+1.160396995023E+00
-23.852500E-06,+1.144718602300E+00
-23.850000E-06,+1.160396995023E+00
-23.847500E-06,+1.160396995023E+00
-23.845000E-06,+1.144718602300E+00
-23.842500E-06,+1.144718602300E+00
-23.840000E-06,+1.144718602300E+00
-23.837500E-06,+1.144718602300E+00
-23.835000E-06,+1.144718602300E+00
-23.832500E-06,+1.142758803229E+00
-23.830000E-06,+1.129040209576E+00
-23.827500E-06,+1.129040209576E+00
-23.825000E-06,+1.129040209576E+00
-23.822500E-06,+1.129040209576E+00
-23.820000E-06,+1.113361816853E+00
-23.817500E-06,+1.129040209576E+00
-23.815000E-06,+1.129040209576E+00
-23.812500E-06,+1.113361816853E+00
-23.810000E-06,+1.113361816853E+00
-23.807500E-06,+1.113361816853E+00
-23.805000E-06,+1.113361816853E+00
-23.802500E-06,+1.113361816853E+00
-23.800000E-06,+1.097683424130E+00
-23.797500E-06,+1.097683424130E+00
-23.795000E-06,+1.097683424130E+00
-23.792500E-06,+1.097683424130E+00
-23.790000E-06,+1.097683424130E+00
-23.787500E-06,+1.097683424130E+00
-23.785000E-06,+1.083964830477E+00
-23.782500E-06,+1.097683424130E+00
-23.780000E-06,+1.082005031407E+00
-23.777500E-06,+1.082005031407E+00
-23.775000E-06,+1.082005031407E+00
-23.772500E-06,+1.082005031407E+00
-23.770000E-06,+1.082005031407E+00
-23.767500E-06,+1.082005031407E+00
-23.765000E-06,+1.082005031407E+00
-23.762500E-06,+1.082005031407E+00
-23.760000E-06,+1.082005031407E+00
-23.757500E-06,+1.066326638684E+00
-23.755000E-06,+1.066326638684E+00
-23.752500E-06,+1.066326638684E+00
-23.750000E-06,+1.066326638684E+00
-23.747500E-06,+1.066326638684E+00
-23.745000E-06,+1.066326638684E+00
-23.742500E-06,+1.050648245960E+00
-23.740000E-06,+1.050648245960E+00
-23.737500E-06,+1.050648245960E+00
-23.735000E-06,+1.050648245960E+00
-23.732500E-06,+1.050648245960E+00
-23.730000E-06,+1.050648245960E+00
-23.727500E-06,+1.050648245960E+00
-23.725000E-06,+1.050648245960E+00
-23.722500E-06,+1.050648245960E+00
-23.720000E-06,+1.050648245960E+00
-23.717500E-06,+1.034969853237E+00
-23.715000E-06,+1.034969853237E+00
-23.712500E-06,+1.034969853237E+00
-23.710000E-06,+1.034969853237E+00
-23.707500E-06,+1.034969853237E+00
-23.705000E-06,+1.033010054169E+00
-23.702500E-06,+1.034969853237E+00
-23.700000E-06,+1.034969853237E+00
-23.697500E-06,+1.019291460514E+00
-23.695000E-06,+1.019291460514E+00
-23.692500E-06,+1.019291460514E+00
-23.690000E-06,+1.019291460514E+00
-23.687500E-06,+1.019291460514E+00
-23.685000E-06,+1.003613067791E+00
-23.682500E-06,+1.003613067791E+00
-23.680000E-06,+1.005572866859E+00
-23.677500E-06,+1.003613067791E+00
-23.675000E-06,+1.003613067791E+00
-23.672500E-06,+1.003613067791E+00
-23.670000E-06,+1.003613067791E+00
-23.667500E-06,+1.003613067791E+00
-23.665000E-06,+1.003613067791E+00
-23.662500E-06,+1.003613067791E+00
-23.660000E-06,+987.934675068E-03
-23.657500E-06,+987.934675068E-03
-23.655000E-06,+987.934675068E-03
-23.652500E-06,+987.934675068E-03
-23.650000E-06,+985.974876000E-03
-23.647500E-06,+972.256282344E-03
-23.645000E-06,+987.934675068E-03
-23.642500E-06,+985.974876000E-03
-23.640000E-06,+972.256282344E-03
-23.637500E-06,+972.256282344E-03
-23.635000E-06,+987.934675068E-03
-23.632500E-06,+987.934675068E-03
-23.630000E-06,+972.256282344E-03
-23.627500E-06,+972.256282344E-03
-23.625000E-06,+956.577889621E-03
-23.622500E-06,+956.577889621E-03
-23.620000E-06,+972.256282344E-03
-23.617500E-06,+972.256282344E-03
-23.615000E-06,+956.577889621E-03
-23.612500E-06,+956.577889621E-03
-23.610000E-06,+956.577889621E-03
-23.607500E-06,+956.577889621E-03
-23.605000E-06,+956.577889621E-03
-23.602500E-06,+956.577889621E-03
-23.600000E-06,+940.899496898E-03
-23.597500E-06,+940.899496898E-03
-23.595000E-06,+954.618090555E-03
-23.592500E-06,+940.899496898E-03
-23.590000E-06,+940.899496898E-03
-23.587500E-06,+942.859295965E-03
-23.585000E-06,+940.899496898E-03
-23.582500E-06,+940.899496898E-03
-23.580000E-06,+940.899496898E-03
-23.577500E-06,+940.899496898E-03
-23.575000E-06,+940.899496898E-03
-23.572500E-06,+925.221104175E-03
-23.570000E-06,+909.542711452E-03
-23.567500E-06,+925.221104175E-03
-23.565000E-06,+925.221104175E-03
-23.562500E-06,+923.261305109E-03
-23.560000E-06,+909.542711452E-03
-23.557500E-06,+909.542711452E-03
-23.555000E-06,+923.261305109E-03
-23.552500E-06,+909.542711452E-03
-23.550000E-06,+909.542711452E-03
-23.547500E-06,+909.542711452E-03
-23.545000E-06,+909.542711452E-03
-23.542500E-06,+909.542711452E-03
-23.540000E-06,+893.864318728E-03
-23.537500E-06,+893.864318728E-03
-23.535000E-06,+893.864318728E-03
-23.532500E-06,+893.864318728E-03
-23.530000E-06,+893.864318728E-03
-23.527500E-06,+893.864318728E-03
-23.525000E-06,+893.864318728E-03
-23.522500E-06,+891.904519663E-03
-23.520000E-06,+878.185926005E-03
-23.517500E-06,+880.145725071E-03
-23.515000E-06,+891.904519663E-03
-23.512500E-06,+878.185926005E-03
-23.510000E-06,+878.185926005E-03
-23.507500E-06,+878.185926005E-03
-23.505000E-06,+878.185926005E-03
-23.502500E-06,+878.185926005E-03
-23.500000E-06,+878.185926005E-03
-23.497500E-06,+878.185926005E-03
-23.495000E-06,+878.185926005E-03
-23.492500E-06,+862.507533282E-03
-23.490000E-06,+862.507533282E-03
-23.487500E-06,+862.507533282E-03
-23.485000E-06,+862.507533282E-03
-23.482500E-06,+862.507533282E-03
-23.480000E-06,+878.185926005E-03
-23.477500E-06,+862.507533282E-03
-23.475000E-06,+862.507533282E-03
-23.472500E-06,+862.507533282E-03
-23.470000E-06,+860.547734217E-03
-23.467500E-06,+846.829140559E-03
-23.465000E-06,+846.829140559E-03
-23.462500E-06,+846.829140559E-03
-23.460000E-06,+846.829140559E-03
-23.457500E-06,+846.829140559E-03
-23.455000E-06,+846.829140559E-03
-23.452500E-06,+846.829140559E-03
-23.450000E-06,+846.829140559E-03
-23.447500E-06,+846.829140559E-03
-23.445000E-06,+831.150747836E-03
-23.442500E-06,+831.150747836E-03
-23.440000E-06,+831.150747836E-03
-23.437500E-06,+831.150747836E-03
-23.435000E-06,+831.150747836E-03
-23.432500E-06,+815.472355112E-03
-23.430000E-06,+831.150747836E-03
-23.427500E-06,+831.150747836E-03
-23.425000E-06,+829.190948772E-03
-23.422500E-06,+815.472355112E-03
-23.420000E-06,+815.472355112E-03
-23.417500E-06,+829.190948772E-03
-23.415000E-06,+815.472355112E-03
-23.412500E-06,+799.793962389E-03
-23.410000E-06,+815.472355112E-03
-23.407500E-06,+817.432154176E-03
-23.405000E-06,+815.472355112E-03
-23.402500E-06,+813.512556049E-03
-23.400000E-06,+799.793962389E-03
-23.397500E-06,+815.472355112E-03
-23.395000E-06,+815.472355112E-03
-23.392500E-06,+799.793962389E-03
-23.390000E-06,+799.793962389E-03
-23.387500E-06,+801.753761453E-03
-23.385000E-06,+799.793962389E-03
-23.382500E-06,+799.793962389E-03
-23.380000E-06,+799.793962389E-03
-23.377500E-06,+799.793962389E-03
-23.375000E-06,+799.793962389E-03
-23.372500E-06,+799.793962389E-03
-23.370000E-06,+799.793962389E-03
-23.367500E-06,+784.115569666E-03
-23.365000E-06,+784.115569666E-03
-23.362500E-06,+784.115569666E-03
-23.360000E-06,+768.437176943E-03
-23.357500E-06,+784.115569666E-03
-23.355000E-06,+784.115569666E-03
-23.352500E-06,+782.155770603E-03
-23.350000E-06,+768.437176943E-03
-23.347500E-06,+768.437176943E-03
-23.345000E-06,+768.437176943E-03
-23.342500E-06,+768.437176943E-03
-23.340000E-06,+768.437176943E-03
-23.337500E-06,+768.437176943E-03
-23.335000E-06,+768.437176943E-03
-23.332500E-06,+768.437176943E-03
-23.330000E-06,+766.477377880E-03
-23.327500E-06,+752.758784220E-03
-23.325000E-06,+768.437176943E-03
-23.322500E-06,+768.437176943E-03
-23.320000E-06,+752.758784220E-03
-23.317500E-06,+752.758784220E-03
-23.315000E-06,+752.758784220E-03
-23.312500E-06,+752.758784220E-03
-23.310000E-06,+752.758784220E-03
-23.307500E-06,+752.758784220E-03
-23.305000E-06,+752.758784220E-03
-23.302500E-06,+737.080391496E-03
-23.300000E-06,+752.758784220E-03
-23.297500E-06,+752.758784220E-03
-23.295000E-06,+752.758784220E-03
-23.292500E-06,+750.798985158E-03
-23.290000E-06,+737.080391496E-03
-23.287500E-06,+752.758784220E-03
-23.285000E-06,+752.758784220E-03
-23.282500E-06,+737.080391496E-03
-23.280000E-06,+721.401998773E-03
-23.277500E-06,+737.080391496E-03
-23.275000E-06,+737.080391496E-03
-23.272500E-06,+721.401998773E-03
-23.270000E-06,+721.401998773E-03
-23.267500E-06,+721.401998773E-03
-23.265000E-06,+737.080391496E-03
-23.262500E-06,+735.120592435E-03
-23.260000E-06,+721.401998773E-03
-23.257500E-06,+721.401998773E-03
-23.255000E-06,+721.401998773E-03
-23.252500E-06,+721.401998773E-03
-23.250000E-06,+705.723606050E-03
-23.247500E-06,+705.723606050E-03
-23.245000E-06,+721.401998773E-03
-23.242500E-06,+721.401998773E-03
-23.240000E-06,+705.723606050E-03
-23.237500E-06,+705.723606050E-03
-23.235000E-06,+705.723606050E-03
-23.232500E-06,+721.401998773E-03
-23.230000E-06,+705.723606050E-03
-23.227500E-06,+690.045213327E-03
-23.225000E-06,+705.723606050E-03
-23.222500E-06,+705.723606050E-03
-23.220000E-06,+703.763806989E-03
-23.217500E-06,+690.045213327E-03
-23.215000E-06,+690.045213327E-03
-23.212500E-06,+705.723606050E-03
-23.210000E-06,+690.045213327E-03
-23.207500E-06,+688.085414266E-03
-23.205000E-06,+676.326619664E-03
-23.202500E-06,+690.045213327E-03
-23.200000E-06,+690.045213327E-03
-23.197500E-06,+690.045213327E-03
-23.195000E-06,+674.366820604E-03
-23.192500E-06,+674.366820604E-03
-23.190000E-06,+674.366820604E-03
-23.187500E-06,+674.366820604E-03
-23.185000E-06,+674.366820604E-03
-23.182500E-06,+674.366820604E-03
-23.180000E-06,+674.366820604E-03
-23.177500E-06,+674.366820604E-03
-23.175000E-06,+674.366820604E-03
-23.172500E-06,+674.366820604E-03
-23.170000E-06,+674.366820604E-03
-23.167500E-06,+674.366820604E-03
-23.165000E-06,+674.366820604E-03
-23.162500E-06,+658.688427880E-03
-23.160000E-06,+660.648226940E-03
-23.157500E-06,+672.407021544E-03
-23.155000E-06,+658.688427880E-03
-23.152500E-06,+658.688427880E-03
-23.150000E-06,+658.688427880E-03
-23.147500E-06,+658.688427880E-03
-23.145000E-06,+658.688427880E-03
-23.142500E-06,+658.688427880E-03
-23.140000E-06,+658.688427880E-03
-23.137500E-06,+658.688427880E-03
-23.135000E-06,+643.010035157E-03
-23.132500E-06,+658.688427880E-03
-23.130000E-06,+658.688427880E-03
-23.127500E-06,+643.010035157E-03
-23.125000E-06,+643.010035157E-03
-23.122500E-06,+644.969834216E-03
-23.120000E-06,+658.688427880E-03
-23.117500E-06,+643.010035157E-03
-23.115000E-06,+643.010035157E-03
-23.112500E-06,+643.010035157E-03
-23.110000E-06,+643.010035157E-03
-23.107500E-06,+643.010035157E-03
-23.105000E-06,+643.010035157E-03
-23.102500E-06,+643.010035157E-03
-23.100000E-06,+643.010035157E-03
-23.097500E-06,+627.331642434E-03
-23.095000E-06,+627.331642434E-03
-23.092500E-06,+627.331642434E-03
-23.090000E-06,+627.331642434E-03
-23.087500E-06,+625.371843375E-03
-23.085000E-06,+611.653249711E-03
-23.082500E-06,+627.331642434E-03
-23.080000E-06,+627.331642434E-03
-23.077500E-06,+627.331642434E-03
-23.075000E-06,+627.331642434E-03
-23.072500E-06,+627.331642434E-03
-23.070000E-06,+611.653249711E-03
-23.067500E-06,+611.653249711E-03
-23.065000E-06,+611.653249711E-03
-23.062500E-06,+611.653249711E-03
-23.060000E-06,+611.653249711E-03
-23.057500E-06,+611.653249711E-03
-23.055000E-06,+613.613048769E-03
-23.052500E-06,+627.331642434E-03
-23.050000E-06,+611.653249711E-03
-23.047500E-06,+611.653249711E-03
-23.045000E-06,+611.653249711E-03
-23.042500E-06,+611.653249711E-03
-23.040000E-06,+595.974856988E-03
-23.037500E-06,+611.653249711E-03
-23.035000E-06,+611.653249711E-03
-23.032500E-06,+611.653249711E-03
-23.030000E-06,+595.974856988E-03
-23.027500E-06,+595.974856988E-03
-23.025000E-06,+595.974856988E-03
-23.022500E-06,+595.974856988E-03
-23.020000E-06,+595.974856988E-03
-23.017500E-06,+595.974856988E-03
-23.015000E-06,+595.974856988E-03
-23.012500E-06,+595.974856988E-03
-23.010000E-06,+595.974856988E-03
-23.007500E-06,+595.974856988E-03
-23.005000E-06,+595.974856988E-03
-23.002500E-06,+595.974856988E-03
-23.000000E-06,+580.296464264E-03
-22.997500E-06,+580.296464264E-03
-22.995000E-06,+595.974856988E-03
-22.992500E-06,+595.974856988E-03
-22.990000E-06,+580.296464264E-03
-22.987500E-06,+580.296464264E-03
-22.985000E-06,+580.296464264E-03
-22.982500E-06,+580.296464264E-03
-22.980000E-06,+580.296464264E-03
-22.977500E-06,+580.296464264E-03
-22.975000E-06,+580.296464264E-03
-22.972500E-06,+580.296464264E-03
-22.970000E-06,+580.296464264E-03
-22.967500E-06,+564.618071541E-03
-22.965000E-06,+580.296464264E-03
-22.962500E-06,+580.296464264E-03
-22.960000E-06,+580.296464264E-03
-22.957500E-06,+564.618071541E-03
-22.955000E-06,+564.618071541E-03
-22.952500E-06,+564.618071541E-03
-22.950000E-06,+564.618071541E-03
-22.947500E-06,+564.618071541E-03
-22.945000E-06,+580.296464264E-03
-22.942500E-06,+578.336665208E-03
-22.940000E-06,+564.618071541E-03
-22.937500E-06,+548.939678818E-03
-22.935000E-06,+564.618071541E-03
-22.932500E-06,+548.939678818E-03
-22.930000E-06,+548.939678818E-03
-22.927500E-06,+548.939678818E-03
-22.925000E-06,+548.939678818E-03
-22.922500E-06,+564.618071541E-03
-22.920000E-06,+548.939678818E-03
-22.917500E-06,+548.939678818E-03
-22.915000E-06,+548.939678818E-03
-22.912500E-06,+548.939678818E-03
-22.910000E-06,+533.261286095E-03
-22.907500E-06,+548.939678818E-03
-22.905000E-06,+548.939678818E-03
-22.902500E-06,+548.939678818E-03
-22.900000E-06,+548.939678818E-03
-22.897500E-06,+548.939678818E-03
-22.895000E-06,+548.939678818E-03
-22.892500E-06,+533.261286095E-03
-22.890000E-06,+533.261286095E-03
-22.887500E-06,+546.979879763E-03
-22.885000E-06,+533.261286095E-03
-22.882500E-06,+533.261286095E-03
-22.880000E-06,+533.261286095E-03
-22.877500E-06,+533.261286095E-03
-22.875000E-06,+533.261286095E-03
-22.872500E-06,+533.261286095E-03
-22.870000E-06,+533.261286095E-03
-22.867500E-06,+533.261286095E-03
-22.865000E-06,+517.582893372E-03
-22.862500E-06,+517.582893372E-03
-22.860000E-06,+533.261286095E-03
-22.857500E-06,+533.261286095E-03
-22.855000E-06,+517.582893372E-03
-22.852500E-06,+517.582893372E-03
-22.850000E-06,+533.261286095E-03
-22.847500E-06,+531.301487040E-03
-22.845000E-06,+515.623094317E-03
-22.842500E-06,+503.864299703E-03
-22.840000E-06,+533.261286095E-03
-22.837500E-06,+531.301487040E-03
-22.835000E-06,+515.623094317E-03
-22.832500E-06,+501.904500648E-03
-22.830000E-06,+517.582893372E-03
-22.827500E-06,+517.582893372E-03
-22.825000E-06,+501.904500648E-03
-22.822500E-06,+501.904500648E-03
-22.820000E-06,+503.864299703E-03
-22.817500E-06,+517.582893372E-03
-22.815000E-06,+517.582893372E-03
-22.812500E-06,+501.904500648E-03
-22.810000E-06,+501.904500648E-03
-22.807500E-06,+501.904500648E-03
-22.805000E-06,+501.904500648E-03
-22.802500E-06,+501.904500648E-03
-22.800000E-06,+501.904500648E-03
-22.797500E-06,+501.904500648E-03
-22.795000E-06,+501.904500648E-03
-22.792500E-06,+501.904500648E-03
-22.790000E-06,+501.904500648E-03
-22.787500E-06,+501.904500648E-03
-22.785000E-06,+501.904500648E-03
-22.782500E-06,+486.226107925E-03
-22.780000E-06,+486.226107925E-03
-22.777500E-06,+486.226107925E-03
-22.775000E-06,+486.226107925E-03
-22.772500E-06,+486.226107925E-03
-22.770000E-06,+486.226107925E-03
-22.767500E-06,+486.226107925E-03
-22.765000E-06,+486.226107925E-03
-22.762500E-06,+486.226107925E-03
-22.760000E-06,+486.226107925E-03
-22.757500E-06,+486.226107925E-03
-22.755000E-06,+486.226107925E-03
-22.752500E-06,+486.226107925E-03
-22.750000E-06,+486.226107925E-03
-22.747500E-06,+470.547715202E-03
-22.745000E-06,+484.266308872E-03
-22.742500E-06,+470.547715202E-03
-22.740000E-06,+470.547715202E-03
-22.737500E-06,+470.547715202E-03
-22.735000E-06,+486.226107925E-03
-22.732500E-06,+470.547715202E-03
-22.730000E-06,+470.547715202E-03
-22.727500E-06,+470.547715202E-03
-22.725000E-06,+470.547715202E-03
-22.722500E-06,+470.547715202E-03
-22.720000E-06,+470.547715202E-03
-22.717500E-06,+470.547715202E-03
-22.715000E-06,+470.547715202E-03
-22.712500E-06,+470.547715202E-03
-22.710000E-06,+470.547715202E-03
-22.707500E-06,+470.547715202E-03
-22.705000E-06,+470.547715202E-03
-22.702500E-06,+470.547715202E-03
-22.700000E-06,+470.547715202E-03
-22.697500E-06,+454.869322479E-03
-22.695000E-06,+454.869322479E-03
-22.692500E-06,+454.869322479E-03
-22.690000E-06,+454.869322479E-03
-22.687500E-06,+454.869322479E-03
-22.685000E-06,+454.869322479E-03
-22.682500E-06,+454.869322479E-03
-22.680000E-06,+454.869322479E-03
-22.677500E-06,+454.869322479E-03
-22.675000E-06,+454.869322479E-03
-22.672500E-06,+454.869322479E-03
-22.670000E-06,+468.587916150E-03
-22.667500E-06,+454.869322479E-03
-22.665000E-06,+454.869322479E-03
-22.662500E-06,+454.869322479E-03
-22.660000E-06,+454.869322479E-03
-22.657500E-06,+452.909523427E-03
-22.655000E-06,+439.190929756E-03
-22.652500E-06,+454.869322479E-03
-22.650000E-06,+454.869322479E-03
-22.647500E-06,+454.869322479E-03
-22.645000E-06,+454.869322479E-03
-22.642500E-06,+439.190929756E-03
-22.640000E-06,+439.190929756E-03
-22.637500E-06,+439.190929756E-03
-22.635000E-06,+439.190929756E-03
-22.632500E-06,+439.190929756E-03
-22.630000E-06,+439.190929756E-03
-22.627500E-06,+439.190929756E-03
-22.625000E-06,+439.190929756E-03
-22.622500E-06,+439.190929756E-03
-22.620000E-06,+439.190929756E-03
-22.617500E-06,+439.190929756E-03
-22.615000E-06,+439.190929756E-03
-22.612500E-06,+439.190929756E-03
-22.610000E-06,+439.190929756E-03
-22.607500E-06,+439.190929756E-03
-22.605000E-06,+437.231130705E-03
-22.602500E-06,+423.512537032E-03
-22.600000E-06,+425.472336083E-03
-22.597500E-06,+423.512537032E-03
-22.595000E-06,+423.512537032E-03
-22.592500E-06,+423.512537032E-03
-22.590000E-06,+423.512537032E-03
-22.587500E-06,+423.512537032E-03
-22.585000E-06,+423.512537032E-03
-22.582500E-06,+423.512537032E-03
-22.580000E-06,+423.512537032E-03
-22.577500E-06,+423.512537032E-03
-22.575000E-06,+423.512537032E-03
-22.572500E-06,+423.512537032E-03
-22.570000E-06,+423.512537032E-03
-22.567500E-06,+423.512537032E-03
-22.565000E-06,+423.512537032E-03
-22.562500E-06,+423.512537032E-03
-22.560000E-06,+407.834144309E-03
-22.557500E-06,+407.834144309E-03
-22.555000E-06,+407.834144309E-03
-22.552500E-06,+407.834144309E-03
-22.550000E-06,+407.834144309E-03
-22.547500E-06,+407.834144309E-03
-22.545000E-06,+423.512537032E-03
-22.542500E-06,+407.834144309E-03
-22.540000E-06,+407.834144309E-03
-22.537500E-06,+423.512537032E-03
-22.535000E-06,+423.512537032E-03
-22.532500E-06,+407.834144309E-03
-22.530000E-06,+407.834144309E-03
-22.527500E-06,+407.834144309E-03
-22.525000E-06,+407.834144309E-03
-22.522500E-06,+407.834144309E-03
-22.520000E-06,+392.155751586E-03
-22.517500E-06,+392.155751586E-03
-22.515000E-06,+405.874345260E-03
-22.512500E-06,+392.155751586E-03
-22.510000E-06,+392.155751586E-03
-22.507500E-06,+407.834144309E-03
-22.505000E-06,+405.874345260E-03
-22.502500E-06,+392.155751586E-03
-22.500000E-06,+392.155751586E-03
-22.497500E-06,+376.477358863E-03
-22.495000E-06,+376.477358863E-03
-22.492500E-06,+376.477358863E-03
-22.490000E-06,+390.195952537E-03
-22.487500E-06,+376.477358863E-03
-22.485000E-06,+378.437157911E-03
-22.482500E-06,+392.155751586E-03
-22.480000E-06,+376.477358863E-03
-22.477500E-06,+376.477358863E-03
-22.475000E-06,+378.437157911E-03
-22.472500E-06,+392.155751586E-03
-22.470000E-06,+376.477358863E-03
-22.467500E-06,+376.477358863E-03
-22.465000E-06,+376.477358863E-03
-22.462500E-06,+376.477358863E-03
-22.460000E-06,+376.477358863E-03
-22.457500E-06,+362.758765188E-03
-22.455000E-06,+376.477358863E-03
-22.452500E-06,+376.477358863E-03
-22.450000E-06,+376.477358863E-03
-22.447500E-06,+376.477358863E-03
-22.445000E-06,+376.477358863E-03
-22.442500E-06,+376.477358863E-03
-22.440000E-06,+376.477358863E-03
-22.437500E-06,+376.477358863E-03
-22.435000E-06,+376.477358863E-03
-22.432500E-06,+376.477358863E-03
-22.430000E-06,+360.798966140E-03
-22.427500E-06,+360.798966140E-03
-22.425000E-06,+362.758765187E-03
-22.422500E-06,+376.477358863E-03
-22.420000E-06,+376.477358863E-03
-22.417500E-06,+360.798966140E-03
-22.415000E-06,+376.477358863E-03
-22.412500E-06,+376.477358863E-03
-22.410000E-06,+360.798966140E-03
-22.407500E-06,+360.798966140E-03
-22.405000E-06,+360.798966140E-03
-22.402500E-06,+376.477358863E-03
-22.400000E-06,+360.798966140E-03
-22.397500E-06,+345.120573416E-03
-22.395000E-06,+360.798966140E-03
-22.392500E-06,+376.477358863E-03
-22.390000E-06,+360.798966140E-03
-22.387500E-06,+360.798966140E-03
-22.385000E-06,+360.798966140E-03
-22.382500E-06,+360.798966140E-03
-22.380000E-06,+360.798966140E-03
-22.377500E-06,+347.080372463E-03
-22.375000E-06,+360.798966140E-03
-22.372500E-06,+360.798966140E-03
-22.370000E-06,+358.839167093E-03
-22.367500E-06,+347.080372463E-03
-22.365000E-06,+360.798966140E-03
-22.362500E-06,+345.120573416E-03
-22.360000E-06,+345.120573416E-03
-22.357500E-06,+345.120573416E-03
-22.355000E-06,+345.120573416E-03
-22.352500E-06,+345.120573416E-03
-22.350000E-06,+345.120573416E-03
-22.347500E-06,+345.120573416E-03
-22.345000E-06,+345.120573416E-03
-22.342500E-06,+345.120573416E-03
-22.340000E-06,+345.120573416E-03
-22.337500E-06,+345.120573416E-03
-22.335000E-06,+345.120573416E-03
-22.332500E-06,+345.120573416E-03
-22.330000E-06,+345.120573416E-03
-22.327500E-06,+345.120573416E-03
-22.325000E-06,+345.120573416E-03
-22.322500E-06,+345.120573416E-03
-22.320000E-06,+345.120573416E-03
-22.317500E-06,+360.798966140E-03
-22.315000E-06,+345.120573416E-03
-22.312500E-06,+345.120573416E-03
-22.310000E-06,+345.120573416E-03
-22.307500E-06,+345.120573416E-03
-22.305000E-06,+345.120573416E-03
-22.302500E-06,+345.120573416E-03
-22.300000E-06,+345.120573416E-03
-22.297500E-06,+345.120573416E-03
-22.295000E-06,+343.160774371E-03
-22.292500E-06,+331.401979739E-03
-22.290000E-06,+345.120573416E-03
-22.287500E-06,+343.160774371E-03
-22.285000E-06,+329.442180693E-03
-22.282500E-06,+329.442180693E-03
-22.280000E-06,+345.120573416E-03
-22.277500E-06,+345.120573416E-03
-22.275000E-06,+329.442180693E-03
-22.272500E-06,+329.442180693E-03
-22.270000E-06,+331.401979738E-03
-22.267500E-06,+345.120573416E-03
-22.265000E-06,+329.442180693E-03
-22.262500E-06,+329.442180693E-03
-22.260000E-06,+329.442180693E-03
-22.257500E-06,+329.442180693E-03
-22.255000E-06,+327.482381648E-03
-22.252500E-06,+313.763787970E-03
-22.250000E-06,+313.763787970E-03
-22.247500E-06,+313.763787970E-03
-22.245000E-06,+313.763787970E-03
-22.242500E-06,+329.442180693E-03
-22.240000E-06,+329.442180693E-03
-22.237500E-06,+329.442180693E-03
-22.235000E-06,+313.763787970E-03
-22.232500E-06,+313.763787970E-03
-22.230000E-06,+313.763787970E-03
-22.227500E-06,+313.763787970E-03
-22.225000E-06,+313.763787970E-03
-22.222500E-06,+313.763787970E-03
-22.220000E-06,+313.763787970E-03
-22.217500E-06,+313.763787970E-03
-22.215000E-06,+313.763787970E-03
-22.212500E-06,+313.763787970E-03
-22.210000E-06,+313.763787970E-03
-22.207500E-06,+313.763787970E-03
-22.205000E-06,+298.085395247E-03
-22.202500E-06,+298.085395247E-03
-22.200000E-06,+313.763787970E-03
-22.197500E-06,+313.763787970E-03
-22.195000E-06,+298.085395247E-03
-22.192500E-06,+298.085395247E-03
-22.190000E-06,+298.085395247E-03
-22.187500E-06,+313.763787970E-03
-22.185000E-06,+298.085395247E-03
-22.182500E-06,+298.085395247E-03
-22.180000E-06,+298.085395247E-03
-22.177500E-06,+298.085395247E-03
-22.175000E-06,+298.085395247E-03
-22.172500E-06,+298.085395247E-03
-22.170000E-06,+298.085395247E-03
-22.167500E-06,+298.085395247E-03
-22.165000E-06,+298.085395247E-03
-22.162500E-06,+298.085395247E-03
-22.160000E-06,+298.085395247E-03
-22.157500E-06,+298.085395247E-03
-22.155000E-06,+298.085395247E-03
-22.152500E-06,+298.085395247E-03
-22.150000E-06,+298.085395247E-03
-22.147500E-06,+298.085395247E-03
-22.145000E-06,+298.085395247E-03
-22.142500E-06,+298.085395247E-03
-22.140000E-06,+282.407002524E-03
-22.137500E-06,+282.407002524E-03
-22.135000E-06,+298.085395247E-03
-22.132500E-06,+298.085395247E-03
-22.130000E-06,+298.085395247E-03
-22.127500E-06,+298.085395247E-03
-22.125000E-06,+282.407002524E-03
-22.122500E-06,+284.366801566E-03
-22.120000E-06,+298.085395247E-03
-22.117500E-06,+282.407002524E-03
-22.115000E-06,+282.407002524E-03
-22.112500E-06,+298.085395247E-03
-22.110000E-06,+298.085395247E-03
-22.107500E-06,+282.407002524E-03
-22.105000E-06,+282.407002524E-03
-22.102500E-06,+282.407002524E-03
-22.100000E-06,+298.085395247E-03
-22.097500E-06,+282.407002524E-03
-22.095000E-06,+282.407002524E-03
-22.092500E-06,+282.407002524E-03
-22.090000E-06,+298.085395247E-03
-22.087500E-06,+282.407002524E-03
-22.085000E-06,+282.407002524E-03
-22.082500E-06,+282.407002524E-03
-22.080000E-06,+282.407002524E-03
-22.077500E-06,+282.407002524E-03
-22.075000E-06,+266.728609800E-03
-22.072500E-06,+282.407002524E-03
-22.070000E-06,+282.407002524E-03
-22.067500E-06,+282.407002524E-03
-22.065000E-06,+266.728609800E-03
-22.062500E-06,+266.728609800E-03
-22.060000E-06,+282.407002524E-03
-22.057500E-06,+282.407002524E-03
-22.055000E-06,+266.728609800E-03
-22.052500E-06,+266.728609800E-03
-22.050000E-06,+282.407002524E-03
-22.047500E-06,+282.407002524E-03
-22.045000E-06,+266.728609800E-03
-22.042500E-06,+266.728609800E-03
-22.040000E-06,+282.407002524E-03
-22.037500E-06,+282.407002524E-03
-22.035000E-06,+266.728609800E-03
-22.032500E-06,+266.728609800E-03
-22.030000E-06,+266.728609800E-03
-22.027500E-06,+266.728609800E-03
-22.025000E-06,+266.728609800E-03
-22.022500E-06,+266.728609800E-03
-22.020000E-06,+266.728609800E-03
-22.017500E-06,+266.728609800E-03
-22.015000E-06,+266.728609800E-03
-22.012500E-06,+266.728609800E-03
-22.010000E-06,+266.728609800E-03
-22.007500E-06,+266.728609800E-03
-22.005000E-06,+266.728609800E-03
-22.002500E-06,+251.050217077E-03
-22.000000E-06,+251.050217077E-03
-21.997500E-06,+251.050217077E-03
-21.995000E-06,+251.050217077E-03
-21.992500E-06,+251.050217077E-03
-21.990000E-06,+266.728609800E-03
-21.987500E-06,+266.728609800E-03
-21.985000E-06,+266.728609800E-03
-21.982500E-06,+266.728609800E-03
-21.980000E-06,+266.728609800E-03
-21.977500E-06,+266.728609800E-03
-21.975000E-06,+251.050217077E-03
-21.972500E-06,+251.050217077E-03
-21.970000E-06,+251.050217077E-03
-21.967500E-06,+251.050217077E-03
-21.965000E-06,+251.050217077E-03
-21.962500E-06,+251.050217077E-03
-21.960000E-06,+251.050217077E-03
-21.957500E-06,+251.050217077E-03
-21.955000E-06,+251.050217077E-03
-21.952500E-06,+251.050217077E-03
-21.950000E-06,+251.050217077E-03
-21.947500E-06,+251.050217077E-03
-21.945000E-06,+251.050217077E-03
-21.942500E-06,+251.050217077E-03
-21.940000E-06,+251.050217077E-03
-21.937500E-06,+251.050217077E-03
-21.935000E-06,+251.050217077E-03
-21.932500E-06,+251.050217077E-03
-21.930000E-06,+251.050217077E-03
-21.927500E-06,+251.050217077E-03
-21.925000E-06,+251.050217077E-03
-21.922500E-06,+251.050217077E-03
-21.920000E-06,+251.050217077E-03
-21.917500E-06,+251.050217077E-03
-21.915000E-06,+251.050217077E-03
-21.912500E-06,+235.371824354E-03
-21.910000E-06,+251.050217077E-03
-21.907500E-06,+251.050217077E-03
-21.905000E-06,+251.050217077E-03
-21.902500E-06,+251.050217077E-03
-21.900000E-06,+235.371824354E-03
-21.897500E-06,+235.371824354E-03
-21.895000E-06,+235.371824354E-03
-21.892500E-06,+251.050217077E-03
-21.890000E-06,+249.090418038E-03
-21.887500E-06,+235.371824354E-03
-21.885000E-06,+235.371824354E-03
-21.882500E-06,+235.371824354E-03
-21.880000E-06,+235.371824354E-03
-21.877500E-06,+235.371824354E-03
-21.875000E-06,+235.371824354E-03
-21.872500E-06,+235.371824354E-03
-21.870000E-06,+235.371824354E-03
-21.867500E-06,+235.371824354E-03
-21.865000E-06,+235.371824354E-03
-21.862500E-06,+235.371824354E-03
-21.860000E-06,+235.371824354E-03
-21.857500E-06,+235.371824354E-03
-21.855000E-06,+221.653230669E-03
-21.852500E-06,+235.371824354E-03
-21.850000E-06,+235.371824354E-03
-21.847500E-06,+235.371824354E-03
-21.845000E-06,+235.371824354E-03
-21.842500E-06,+235.371824354E-03
-21.840000E-06,+235.371824354E-03
-21.837500E-06,+233.412025316E-03
-21.835000E-06,+219.693431631E-03
-21.832500E-06,+235.371824354E-03
-21.830000E-06,+235.371824354E-03
-21.827500E-06,+219.693431631E-03
-21.825000E-06,+235.371824354E-03
-21.822500E-06,+235.371824354E-03
-21.820000E-06,+235.371824354E-03
-21.817500E-06,+233.412025316E-03
-21.815000E-06,+235.371824354E-03
-21.812500E-06,+235.371824354E-03
-21.810000E-06,+219.693431631E-03
-21.807500E-06,+219.693431631E-03
-21.805000E-06,+235.371824354E-03
-21.802500E-06,+235.371824354E-03
-21.800000E-06,+233.412025316E-03
-21.797500E-06,+233.412025316E-03
-21.795000E-06,+219.693431631E-03
-21.792500E-06,+221.653230668E-03
-21.790000E-06,+233.412025317E-03
-21.787500E-06,+219.693431631E-03
-21.785000E-06,+219.693431631E-03
-21.782500E-06,+235.371824354E-03
-21.780000E-06,+221.653230668E-03
-21.777500E-06,+219.693431631E-03
-21.775000E-06,+219.693431631E-03
-21.772500E-06,+219.693431631E-03
-21.770000E-06,+219.693431631E-03
-21.767500E-06,+219.693431631E-03
-21.765000E-06,+219.693431631E-03
-21.762500E-06,+217.733632594E-03
-21.760000E-06,+219.693431631E-03
-21.757500E-06,+219.693431631E-03
-21.755000E-06,+217.733632594E-03
-21.752500E-06,+204.015038908E-03
-21.750000E-06,+219.693431631E-03
-21.747500E-06,+219.693431631E-03
-21.745000E-06,+217.733632594E-03
-21.742500E-06,+204.015038908E-03
-21.740000E-06,+205.974837944E-03
-21.737500E-06,+219.693431631E-03
-21.735000E-06,+204.015038908E-03
-21.732500E-06,+204.015038908E-03
-21.730000E-06,+204.015038908E-03
-21.727500E-06,+205.974837944E-03
-21.725000E-06,+204.015038908E-03
-21.722500E-06,+204.015038908E-03
-21.720000E-06,+219.693431631E-03
-21.717500E-06,+219.693431631E-03
-21.715000E-06,+219.693431631E-03
-21.712500E-06,+217.733632595E-03
-21.710000E-06,+204.015038908E-03
-21.707500E-06,+204.015038908E-03
-21.705000E-06,+204.015038908E-03
-21.702500E-06,+204.015038908E-03
-21.700000E-06,+204.015038908E-03
-21.697500E-06,+204.015038908E-03
-21.695000E-06,+205.974837943E-03
-21.692500E-06,+204.015038908E-03
-21.690000E-06,+204.015038908E-03
-21.687500E-06,+204.015038908E-03
-21.685000E-06,+204.015038908E-03
-21.682500E-06,+204.015038908E-03
-21.680000E-06,+204.015038908E-03
-21.677500E-06,+204.015038908E-03
-21.675000E-06,+204.015038908E-03
-21.672500E-06,+204.015038908E-03
-21.670000E-06,+204.015038908E-03
-21.667500E-06,+204.015038908E-03
-21.665000E-06,+188.336646184E-03
-21.662500E-06,+188.336646184E-03
-21.660000E-06,+204.015038908E-03
-21.657500E-06,+204.015038908E-03
-21.655000E-06,+188.336646184E-03
-21.652500E-06,+188.336646184E-03
-21.650000E-06,+204.015038908E-03
-21.647500E-06,+204.015038908E-03
-21.645000E-06,+188.336646184E-03
-21.642500E-06,+204.015038908E-03
-21.640000E-06,+204.015038908E-03
-21.637500E-06,+204.015038908E-03
-21.635000E-06,+204.015038908E-03
-21.632500E-06,+188.336646184E-03
-21.630000E-06,+204.015038908E-03
-21.627500E-06,+204.015038908E-03
-21.625000E-06,+202.055239873E-03
-21.622500E-06,+188.336646184E-03
-21.620000E-06,+190.296445219E-03
-21.617500E-06,+204.015038908E-03
-21.615000E-06,+204.015038908E-03
-21.612500E-06,+188.336646184E-03
-21.610000E-06,+188.336646184E-03
-21.607500E-06,+188.336646184E-03
-21.605000E-06,+188.336646184E-03
-21.602500E-06,+202.055239873E-03
-21.600000E-06,+188.336646184E-03
-21.597500E-06,+188.336646184E-03
-21.595000E-06,+188.336646184E-03
-21.592500E-06,+172.658253461E-03
-21.590000E-06,+188.336646184E-03
-21.587500E-06,+188.336646184E-03
-21.585000E-06,+188.336646184E-03
-21.582500E-06,+188.336646184E-03
-21.580000E-06,+188.336646184E-03
-21.577500E-06,+188.336646184E-03
-21.575000E-06,+188.336646184E-03
-21.572500E-06,+188.336646184E-03
-21.570000E-06,+188.336646184E-03
-21.567500E-06,+188.336646184E-03
-21.565000E-06,+188.336646184E-03
-21.562500E-06,+188.336646184E-03
-21.560000E-06,+188.336646184E-03
-21.557500E-06,+172.658253461E-03
-21.555000E-06,+188.336646184E-03
-21.552500E-06,+188.336646184E-03
-21.550000E-06,+172.658253461E-03
-21.547500E-06,+172.658253461E-03
-21.545000E-06,+174.618052495E-03
-21.542500E-06,+188.336646184E-03
-21.540000E-06,+188.336646184E-03
-21.537500E-06,+172.658253461E-03
-21.535000E-06,+172.658253461E-03
-21.532500E-06,+172.658253461E-03
-21.530000E-06,+172.658253461E-03
-21.527500E-06,+172.658253461E-03
-21.525000E-06,+188.336646184E-03
-21.522500E-06,+172.658253461E-03
-21.520000E-06,+172.658253461E-03
-21.517500E-06,+188.336646184E-03
-21.515000E-06,+188.336646184E-03
-21.512500E-06,+172.658253461E-03
-21.510000E-06,+174.618052494E-03
-21.507500E-06,+188.336646184E-03
-21.505000E-06,+188.336646184E-03
-21.502500E-06,+172.658253461E-03
-21.500000E-06,+172.658253461E-03
-21.497500E-06,+172.658253461E-03
-21.495000E-06,+172.658253461E-03
-21.492500E-06,+172.658253461E-03
-21.490000E-06,+172.658253461E-03
-21.487500E-06,+172.658253461E-03
-21.485000E-06,+172.658253461E-03
-21.482500E-06,+172.658253461E-03
-21.480000E-06,+172.658253461E-03
-21.477500E-06,+172.658253461E-03
-21.475000E-06,+172.658253461E-03
-21.472500E-06,+172.658253461E-03
-21.470000E-06,+172.658253461E-03
-21.467500E-06,+172.658253461E-03
-21.465000E-06,+172.658253461E-03
-21.462500E-06,+172.658253461E-03
-21.460000E-06,+172.658253461E-03
-21.457500E-06,+172.658253461E-03
-21.455000E-06,+172.658253461E-03
-21.452500E-06,+172.658253461E-03
-21.450000E-06,+156.979860738E-03
-21.447500E-06,+156.979860738E-03
-21.445000E-06,+156.979860738E-03
-21.442500E-06,+156.979860738E-03
-21.440000E-06,+156.979860738E-03
-21.437500E-06,+172.658253461E-03
-21.435000E-06,+170.698454429E-03
-21.432500E-06,+156.979860738E-03
-21.430000E-06,+156.979860738E-03
-21.427500E-06,+156.979860738E-03
-21.425000E-06,+156.979860738E-03
-21.422500E-06,+156.979860738E-03
-21.420000E-06,+156.979860738E-03
-21.417500E-06,+156.979860738E-03
-21.415000E-06,+172.658253461E-03
-21.412500E-06,+172.658253461E-03
-21.410000E-06,+156.979860738E-03
-21.407500E-06,+156.979860738E-03
-21.405000E-06,+158.939659769E-03
-21.402500E-06,+156.979860738E-03
-21.400000E-06,+156.979860738E-03
-21.397500E-06,+156.979860738E-03
-21.395000E-06,+172.658253461E-03
-21.392500E-06,+172.658253461E-03
-21.390000E-06,+156.979860738E-03
-21.387500E-06,+156.979860738E-03
-21.385000E-06,+156.979860738E-03
-21.382500E-06,+156.979860738E-03
-21.380000E-06,+156.979860738E-03
-21.377500E-06,+156.979860738E-03
-21.375000E-06,+158.939659769E-03
-21.372500E-06,+156.979860738E-03
-21.370000E-06,+156.979860738E-03
-21.367500E-06,+156.979860738E-03
-21.365000E-06,+156.979860738E-03
-21.362500E-06,+156.979860738E-03
-21.360000E-06,+156.979860738E-03
-21.357500E-06,+156.979860738E-03
-21.355000E-06,+156.979860738E-03
-21.352500E-06,+156.979860738E-03
-21.350000E-06,+156.979860738E-03
-21.347500E-06,+155.020061708E-03
-21.345000E-06,+141.301468015E-03
-21.342500E-06,+156.979860738E-03
-21.340000E-06,+156.979860738E-03
-21.337500E-06,+156.979860738E-03
-21.335000E-06,+156.979860738E-03
-21.332500E-06,+156.979860738E-03
-21.330000E-06,+155.020061708E-03
-21.327500E-06,+141.301468015E-03
-21.325000E-06,+141.301468015E-03
-21.322500E-06,+156.979860738E-03
-21.320000E-06,+156.979860738E-03
-21.317500E-06,+141.301468015E-03
-21.315000E-06,+141.301468015E-03
-21.312500E-06,+141.301468015E-03
-21.310000E-06,+141.301468015E-03
-21.307500E-06,+141.301468015E-03
-21.305000E-06,+141.301468015E-03
-21.302500E-06,+156.979860738E-03
-21.300000E-06,+156.979860738E-03
-21.297500E-06,+141.301468015E-03
-21.295000E-06,+141.301468015E-03
-21.292500E-06,+141.301468015E-03
-21.290000E-06,+141.301468015E-03
-21.287500E-06,+141.301468015E-03
-21.285000E-06,+141.301468015E-03
-21.282500E-06,+141.301468015E-03
-21.280000E-06,+156.979860738E-03
-21.277500E-06,+141.301468015E-03
-21.275000E-06,+141.301468015E-03
-21.272500E-06,+141.301468015E-03
-21.270000E-06,+141.301468015E-03
-21.267500E-06,+141.301468015E-03
-21.265000E-06,+125.623075292E-03
-21.262500E-06,+141.301468015E-03
-21.260000E-06,+141.301468015E-03
-21.257500E-06,+141.301468015E-03
-21.255000E-06,+141.301468015E-03
-21.252500E-06,+141.301468015E-03
-21.250000E-06,+141.301468015E-03
-21.247500E-06,+141.301468015E-03
-21.245000E-06,+141.301468015E-03
-21.242500E-06,+141.301468015E-03
-21.240000E-06,+141.301468015E-03
-21.237500E-06,+141.301468015E-03
-21.235000E-06,+141.301468015E-03
-21.232500E-06,+141.301468015E-03
-21.230000E-06,+141.301468015E-03
-21.227500E-06,+141.301468015E-03
-21.225000E-06,+141.301468015E-03
-21.222500E-06,+141.301468015E-03
-21.220000E-06,+141.301468015E-03
-21.217500E-06,+141.301468015E-03
-21.215000E-06,+141.301468015E-03
-21.212500E-06,+125.623075292E-03
-21.210000E-06,+141.301468015E-03
-21.207500E-06,+141.301468015E-03
-21.205000E-06,+141.301468015E-03
-21.202500E-06,+141.301468015E-03
-21.200000E-06,+141.301468015E-03
-21.197500E-06,+141.301468015E-03
-21.195000E-06,+141.301468015E-03
-21.192500E-06,+125.623075292E-03
-21.190000E-06,+125.623075292E-03
-21.187500E-06,+127.582874319E-03
-21.185000E-06,+141.301468015E-03
-21.182500E-06,+141.301468015E-03
-21.180000E-06,+141.301468015E-03
-21.177500E-06,+125.623075292E-03
-21.175000E-06,+125.623075292E-03
-21.172500E-06,+125.623075292E-03
-21.170000E-06,+125.623075292E-03
-21.167500E-06,+125.623075292E-03
-21.165000E-06,+141.301468015E-03
-21.162500E-06,+125.623075292E-03
-21.160000E-06,+125.623075292E-03
-21.157500E-06,+125.623075292E-03
-21.155000E-06,+125.623075292E-03
-21.152500E-06,+125.623075292E-03
-21.150000E-06,+125.623075292E-03
-21.147500E-06,+125.623075292E-03
-21.145000E-06,+125.623075292E-03
-21.142500E-06,+125.623075292E-03
-21.140000E-06,+125.623075292E-03
-21.137500E-06,+125.623075292E-03
-21.135000E-06,+141.301468015E-03
-21.132500E-06,+125.623075292E-03
-21.130000E-06,+125.623075292E-03
-21.127500E-06,+125.623075292E-03
-21.125000E-06,+141.301468015E-03
-21.122500E-06,+125.623075292E-03
-21.120000E-06,+125.623075292E-03
-21.117500E-06,+125.623075292E-03
-21.115000E-06,+125.623075292E-03
-21.112500E-06,+125.623075292E-03
-21.110000E-06,+125.623075292E-03
-21.107500E-06,+125.623075292E-03
-21.105000E-06,+125.623075292E-03
-21.102500E-06,+125.623075292E-03
-21.100000E-06,+125.623075292E-03
-21.097500E-06,+125.623075292E-03
-21.095000E-06,+125.623075292E-03
-21.092500E-06,+109.944682568E-03
-21.090000E-06,+109.944682568E-03
-21.087500E-06,+125.623075292E-03
-21.085000E-06,+125.623075292E-03
-21.082500E-06,+109.944682568E-03
-21.080000E-06,+109.944682568E-03
-21.077500E-06,+125.623075292E-03
-21.075000E-06,+123.663276266E-03
-21.072500E-06,+109.944682568E-03
-21.070000E-06,+111.904481594E-03
-21.067500E-06,+125.623075292E-03
-21.065000E-06,+125.623075292E-03
-21.062500E-06,+109.944682568E-03
-21.060000E-06,+109.944682568E-03
-21.057500E-06,+125.623075292E-03
-21.055000E-06,+123.663276266E-03
-21.052500E-06,+109.944682568E-03
-21.050000E-06,+125.623075292E-03
-21.047500E-06,+125.623075292E-03
-21.045000E-06,+123.663276266E-03
-21.042500E-06,+109.944682568E-03
-21.040000E-06,+125.623075292E-03
-21.037500E-06,+125.623075292E-03
-21.035000E-06,+109.944682568E-03
-21.032500E-06,+109.944682568E-03
-21.030000E-06,+125.623075292E-03
-21.027500E-06,+125.623075292E-03
-21.025000E-06,+125.623075292E-03
-21.022500E-06,+109.944682568E-03
-21.020000E-06,+111.904481593E-03
-21.017500E-06,+109.944682568E-03
-21.015000E-06,+109.944682568E-03
-21.012500E-06,+109.944682568E-03
-21.010000E-06,+125.623075292E-03
-21.007500E-06,+125.623075292E-03
-21.005000E-06,+109.944682568E-03
-21.002500E-06,+109.944682568E-03
-21.000000E-06,+125.623075292E-03
-20.997500E-06,+125.623075292E-03
-20.995000E-06,+123.663276267E-03
-20.992500E-06,+109.944682568E-03
-20.990000E-06,+109.944682568E-03
-20.987500E-06,+109.944682568E-03
-20.985000E-06,+109.944682568E-03
-20.982500E-06,+109.944682568E-03
-20.980000E-06,+109.944682568E-03
-20.977500E-06,+109.944682568E-03
-20.975000E-06,+109.944682568E-03
-20.972500E-06,+109.944682568E-03
-20.970000E-06,+109.944682568E-03
-20.967500E-06,+109.944682568E-03
-20.965000E-06,+109.944682568E-03
-20.962500E-06,+109.944682568E-03
-20.960000E-06,+109.944682568E-03
-20.957500E-06,+109.944682568E-03
-20.955000E-06,+109.944682568E-03
-20.952500E-06,+109.944682568E-03
-20.950000E-06,+109.944682568E-03
-20.947500E-06,+109.944682568E-03
-20.945000E-06,+109.944682568E-03
-20.942500E-06,+109.944682568E-03
-20.940000E-06,+94.266289845E-03
-20.937500E-06,+109.944682568E-03
-20.935000E-06,+109.944682568E-03
-20.932500E-06,+109.944682568E-03
-20.930000E-06,+109.944682568E-03
-20.927500E-06,+125.623075292E-03
-20.925000E-06,+123.663276268E-03
-20.922500E-06,+109.944682568E-03
-20.920000E-06,+109.944682568E-03
-20.917500E-06,+109.944682568E-03
-20.915000E-06,+109.944682568E-03
-20.912500E-06,+94.266289845E-03
-20.910000E-06,+94.266289845E-03
-20.907500E-06,+94.266289845E-03
-20.905000E-06,+94.266289845E-03
-20.902500E-06,+109.944682568E-03
-20.900000E-06,+109.944682568E-03
-20.897500E-06,+109.944682568E-03
-20.895000E-06,+109.944682568E-03
-20.892500E-06,+109.944682568E-03
-20.890000E-06,+109.944682568E-03
-20.887500E-06,+109.944682568E-03
-20.885000E-06,+94.266289845E-03
-20.882500E-06,+94.266289845E-03
-20.880000E-06,+94.266289845E-03
-20.877500E-06,+94.266289845E-03
-20.875000E-06,+94.266289845E-03
-20.872500E-06,+94.266289845E-03
-20.870000E-06,+109.944682568E-03
-20.867500E-06,+94.266289845E-03
-20.865000E-06,+94.266289845E-03
-20.862500E-06,+94.266289845E-03
-20.860000E-06,+94.266289845E-03
-20.857500E-06,+94.266289845E-03
-20.855000E-06,+96.226088867E-03
-20.852500E-06,+109.944682568E-03
-20.850000E-06,+94.266289845E-03
-20.847500E-06,+94.266289845E-03
-20.845000E-06,+94.266289845E-03
-20.842500E-06,+94.266289845E-03
-20.840000E-06,+96.226088867E-03
-20.837500E-06,+109.944682568E-03
-20.835000E-06,+109.944682568E-03
-20.832500E-06,+109.944682568E-03
-20.830000E-06,+107.984883546E-03
-20.827500E-06,+94.266289845E-03
-20.825000E-06,+94.266289845E-03
-20.822500E-06,+94.266289845E-03
-20.820000E-06,+94.266289845E-03
-20.817500E-06,+94.266289845E-03
-20.815000E-06,+109.944682568E-03
-20.812500E-06,+109.944682568E-03
-20.810000E-06,+94.266289845E-03
-20.807500E-06,+96.226088867E-03
-20.805000E-06,+109.944682568E-03
-20.802500E-06,+109.944682568E-03
-20.800000E-06,+94.266289845E-03
-20.797500E-06,+94.266289845E-03
-20.795000E-06,+96.226088866E-03
-20.792500E-06,+94.266289845E-03
-20.790000E-06,+94.266289845E-03
-20.787500E-06,+94.266289845E-03
-20.785000E-06,+96.226088866E-03
-20.782500E-06,+107.984883547E-03
-20.780000E-06,+94.266289845E-03
-20.777500E-06,+94.266289845E-03
-20.775000E-06,+94.266289845E-03
-20.772500E-06,+94.266289845E-03
-20.770000E-06,+94.266289845E-03
-20.767500E-06,+94.266289845E-03
-20.765000E-06,+94.266289845E-03
-20.762500E-06,+94.266289845E-03
-20.760000E-06,+94.266289845E-03
-20.757500E-06,+94.266289845E-03
-20.755000E-06,+94.266289845E-03
-20.752500E-06,+94.266289845E-03
-20.750000E-06,+94.266289845E-03
-20.747500E-06,+78.587897122E-03
-20.745000E-06,+94.266289845E-03
-20.742500E-06,+94.266289845E-03
-20.740000E-06,+94.266289845E-03
-20.737500E-06,+94.266289845E-03
-20.735000E-06,+92.306490825E-03
-20.732500E-06,+78.587897122E-03
-20.730000E-06,+94.266289845E-03
-20.727500E-06,+94.266289845E-03
-20.725000E-06,+94.266289845E-03
-20.722500E-06,+78.587897122E-03
-20.720000E-06,+80.547696142E-03
-20.717500E-06,+94.266289845E-03
-20.715000E-06,+78.587897122E-03
-20.712500E-06,+78.587897122E-03
-20.710000E-06,+78.587897122E-03
-20.707500E-06,+78.587897122E-03
-20.705000E-06,+78.587897122E-03
-20.702500E-06,+78.587897122E-03
-20.700000E-06,+78.587897122E-03
-20.697500E-06,+94.266289845E-03
-20.695000E-06,+92.306490825E-03
-20.692500E-06,+78.587897122E-03
-20.690000E-06,+78.587897122E-03
-20.687500E-06,+92.306490826E-03
-20.685000E-06,+94.266289845E-03
-20.682500E-06,+94.266289845E-03
-20.680000E-06,+94.266289845E-03
-20.677500E-06,+78.587897122E-03
-20.675000E-06,+78.587897122E-03
-20.672500E-06,+78.587897122E-03
-20.670000E-06,+78.587897122E-03
-20.667500E-06,+78.587897122E-03
-20.665000E-06,+78.587897122E-03
-20.662500E-06,+94.266289845E-03
-20.660000E-06,+78.587897122E-03
-20.657500E-06,+78.587897122E-03
-20.655000E-06,+80.547696141E-03
-20.652500E-06,+94.266289845E-03
-20.650000E-06,+92.306490826E-03
-20.647500E-06,+78.587897122E-03
-20.645000E-06,+78.587897122E-03
-20.642500E-06,+78.587897122E-03
-20.640000E-06,+78.587897122E-03
-20.637500E-06,+78.587897122E-03
-20.635000E-06,+78.587897122E-03
-20.632500E-06,+80.547696141E-03
-20.630000E-06,+78.587897122E-03
-20.627500E-06,+78.587897122E-03
-20.625000E-06,+94.266289845E-03
-20.622500E-06,+94.266289845E-03
-20.620000E-06,+92.306490827E-03
-20.617500E-06,+94.266289845E-03
-20.615000E-06,+94.266289845E-03
-20.612500E-06,+94.266289845E-03
-20.610000E-06,+78.587897122E-03
-20.607500E-06,+78.587897122E-03
-20.605000E-06,+78.587897122E-03
-20.602500E-06,+78.587897122E-03
-20.600000E-06,+78.587897122E-03
-20.597500E-06,+78.587897122E-03
-20.595000E-06,+78.587897122E-03
-20.592500E-06,+78.587897122E-03
-20.590000E-06,+78.587897122E-03
-20.587500E-06,+78.587897122E-03
-20.585000E-06,+78.587897122E-03
-20.582500E-06,+78.587897122E-03
-20.580000E-06,+78.587897122E-03
-20.577500E-06,+78.587897122E-03
-20.575000E-06,+78.587897122E-03
-20.572500E-06,+78.587897122E-03
-20.570000E-06,+78.587897122E-03
-20.567500E-06,+78.587897122E-03
-20.565000E-06,+78.587897122E-03
-20.562500E-06,+78.587897122E-03
-20.560000E-06,+78.587897122E-03
-20.557500E-06,+78.587897122E-03
-20.555000E-06,+78.587897122E-03
-20.552500E-06,+78.587897122E-03
-20.550000E-06,+78.587897122E-03
-20.547500E-06,+78.587897122E-03
-20.545000E-06,+78.587897122E-03
-20.542500E-06,+78.587897122E-03
-20.540000E-06,+78.587897122E-03
-20.537500E-06,+78.587897122E-03
-20.535000E-06,+78.587897122E-03
-20.532500E-06,+78.587897122E-03
-20.530000E-06,+78.587897122E-03
-20.527500E-06,+78.587897122E-03
-20.525000E-06,+78.587897122E-03
-20.522500E-06,+78.587897122E-03
-20.520000E-06,+78.587897122E-03
-20.517500E-06,+78.587897122E-03
-20.515000E-06,+78.587897122E-03
-20.512500E-06,+92.306490828E-03
-20.510000E-06,+78.587897122E-03
-20.507500E-06,+78.587897122E-03
-20.505000E-06,+78.587897122E-03
-20.502500E-06,+78.587897122E-03
-20.500000E-06,+78.587897122E-03
-20.497500E-06,+62.909504399E-03
-20.495000E-06,+78.587897122E-03
-20.492500E-06,+78.587897122E-03
-20.490000E-06,+78.587897122E-03
-20.487500E-06,+62.909504399E-03
-20.485000E-06,+78.587897122E-03
-20.482500E-06,+78.587897122E-03
-20.480000E-06,+78.587897122E-03
-20.477500E-06,+62.909504399E-03
-20.475000E-06,+62.909504399E-03
-20.472500E-06,+78.587897122E-03
-20.470000E-06,+78.587897122E-03
-20.467500E-06,+62.909504399E-03
-20.465000E-06,+62.909504399E-03
-20.462500E-06,+78.587897122E-03
-20.460000E-06,+78.587897122E-03
-20.457500E-06,+78.587897122E-03
-20.455000E-06,+78.587897122E-03
-20.452500E-06,+78.587897122E-03
-20.450000E-06,+78.587897122E-03
-20.447500E-06,+62.909504399E-03
-20.445000E-06,+62.909504399E-03
-20.442500E-06,+78.587897122E-03
-20.440000E-06,+78.587897122E-03
-20.437500E-06,+62.909504399E-03
-20.435000E-06,+62.909504399E-03
-20.432500E-06,+62.909504399E-03
-20.430000E-06,+78.587897122E-03
-20.427500E-06,+62.909504399E-03
-20.425000E-06,+62.909504399E-03
-20.422500E-06,+62.909504399E-03
-20.420000E-06,+62.909504399E-03
-20.417500E-06,+78.587897122E-03
-20.415000E-06,+78.587897122E-03
-20.412500E-06,+62.909504399E-03
-20.410000E-06,+62.909504399E-03
-20.407500E-06,+78.587897122E-03
-20.405000E-06,+62.909504399E-03
-20.402500E-06,+62.909504399E-03
-20.400000E-06,+62.909504399E-03
-20.397500E-06,+78.587897122E-03
-20.395000E-06,+62.909504399E-03
-20.392500E-06,+62.909504399E-03
-20.390000E-06,+62.909504399E-03
-20.387500E-06,+78.587897122E-03
-20.385000E-06,+76.628098107E-03
-20.382500E-06,+62.909504399E-03
-20.380000E-06,+62.909504399E-03
-20.377500E-06,+64.869303413E-03
-20.375000E-06,+62.909504399E-03
-20.372500E-06,+62.909504399E-03
-20.370000E-06,+62.909504399E-03
-20.367500E-06,+62.909504399E-03
-20.365000E-06,+62.909504399E-03
-20.362500E-06,+62.909504399E-03
-20.360000E-06,+62.909504399E-03
-20.357500E-06,+62.909504399E-03
-20.355000E-06,+62.909504399E-03
-20.352500E-06,+62.909504399E-03
-20.350000E-06,+62.909504399E-03
-20.347500E-06,+62.909504399E-03
-20.345000E-06,+64.869303413E-03
-20.342500E-06,+62.909504399E-03
-20.340000E-06,+62.909504399E-03
-20.337500E-06,+62.909504399E-03
-20.335000E-06,+64.869303413E-03
-20.332500E-06,+62.909504399E-03
-20.330000E-06,+62.909504399E-03
-20.327500E-06,+62.909504399E-03
-20.325000E-06,+62.909504399E-03
-20.322500E-06,+62.909504399E-03
-20.320000E-06,+62.909504399E-03
-20.317500E-06,+62.909504399E-03
-20.315000E-06,+62.909504399E-03
-20.312500E-06,+62.909504399E-03
-20.310000E-06,+62.909504399E-03
-20.307500E-06,+62.909504399E-03
-20.305000E-06,+62.909504399E-03
-20.302500E-06,+62.909504399E-03
-20.300000E-06,+62.909504399E-03
-20.297500E-06,+62.909504399E-03
-20.295000E-06,+62.909504399E-03
-20.292500E-06,+62.909504399E-03
-20.290000E-06,+62.909504399E-03
-20.287500E-06,+62.909504399E-03
-20.285000E-06,+62.909504399E-03
-20.282500E-06,+60.949705386E-03
-20.280000E-06,+47.231111676E-03
-20.277500E-06,+62.909504399E-03
-20.275000E-06,+62.909504399E-03
-20.272500E-06,+62.909504399E-03
-20.270000E-06,+62.909504399E-03
-20.267500E-06,+47.231111676E-03
-20.265000E-06,+62.909504399E-03
-20.262500E-06,+62.909504399E-03
-20.260000E-06,+62.909504399E-03
-20.257500E-06,+47.231111676E-03
-20.255000E-06,+47.231111676E-03
-20.252500E-06,+62.909504399E-03
-20.250000E-06,+62.909504399E-03
-20.247500E-06,+62.909504399E-03
-20.245000E-06,+62.909504399E-03
-20.242500E-06,+62.909504399E-03
-20.240000E-06,+62.909504399E-03
-20.237500E-06,+47.231111676E-03
-20.235000E-06,+47.231111676E-03
-20.232500E-06,+62.909504399E-03
-20.230000E-06,+62.909504399E-03
-20.227500E-06,+47.231111676E-03
-20.225000E-06,+49.190910688E-03
-20.222500E-06,+62.909504399E-03
-20.220000E-06,+62.909504399E-03
-20.217500E-06,+62.909504399E-03
-20.215000E-06,+62.909504399E-03
-20.212500E-06,+62.909504399E-03
-20.210000E-06,+62.909504399E-03
-20.207500E-06,+60.949705387E-03
-20.205000E-06,+47.231111676E-03
-20.202500E-06,+47.231111676E-03
-20.200000E-06,+62.909504399E-03
-20.197500E-06,+62.909504399E-03
-20.195000E-06,+47.231111676E-03
-20.192500E-06,+62.909504399E-03
-20.190000E-06,+62.909504399E-03
-20.187500E-06,+62.909504399E-03
-20.185000E-06,+47.231111676E-03
-20.182500E-06,+62.909504399E-03
-20.180000E-06,+62.909504399E-03
-20.177500E-06,+62.909504399E-03
-20.175000E-06,+47.231111676E-03
-20.172500E-06,+47.231111676E-03
-20.170000E-06,+62.909504399E-03
-20.167500E-06,+60.949705388E-03
-20.165000E-06,+49.190910687E-03
-20.162500E-06,+62.909504399E-03
-20.160000E-06,+47.231111676E-03
-20.157500E-06,+47.231111676E-03
-20.155000E-06,+47.231111676E-03
-20.152500E-06,+47.231111676E-03
-20.150000E-06,+49.190910686E-03
-20.147500E-06,+49.190910686E-03
-20.145000E-06,+60.949705388E-03
-20.142500E-06,+47.231111676E-03
-20.140000E-06,+47.231111676E-03
-20.137500E-06,+62.909504399E-03
-20.135000E-06,+47.231111676E-03
-20.132500E-06,+47.231111676E-03
-20.130000E-06,+47.231111676E-03
-20.127500E-06,+47.231111676E-03
-20.125000E-06,+47.231111676E-03
-20.122500E-06,+47.231111676E-03
-20.120000E-06,+47.231111676E-03
-20.117500E-06,+47.231111676E-03
-20.115000E-06,+47.231111676E-03
-20.112500E-06,+47.231111676E-03
-20.110000E-06,+47.231111676E-03
-20.107500E-06,+47.231111676E-03
-20.105000E-06,+47.231111676E-03
-20.102500E-06,+47.231111676E-03
-20.100000E-06,+47.231111676E-03
-20.097500E-06,+49.190910685E-03
-20.095000E-06,+47.231111676E-03
-20.092500E-06,+47.231111676E-03
-20.090000E-06,+47.231111676E-03
-20.087500E-06,+47.231111676E-03
-20.085000E-06,+49.190910685E-03
-20.082500E-06,+47.231111676E-03
-20.080000E-06,+47.231111676E-03
-20.077500E-06,+47.231111676E-03
-20.075000E-06,+62.909504399E-03
-20.072500E-06,+62.909504399E-03
-20.070000E-06,+62.909504399E-03
-20.067500E-06,+47.231111676E-03
-20.065000E-06,+47.231111676E-03
-20.062500E-06,+47.231111676E-03
-20.060000E-06,+47.231111676E-03
-20.057500E-06,+47.231111676E-03
-20.055000E-06,+47.231111676E-03
-20.052500E-06,+47.231111676E-03
-20.050000E-06,+47.231111676E-03
-20.047500E-06,+47.231111676E-03
-20.045000E-06,+47.231111676E-03
-20.042500E-06,+47.231111676E-03
-20.040000E-06,+47.231111676E-03
-20.037500E-06,+47.231111676E-03
-20.035000E-06,+47.231111676E-03
-20.032500E-06,+47.231111676E-03
-20.030000E-06,+47.231111676E-03
-20.027500E-06,+47.231111676E-03
-20.025000E-06,+47.231111676E-03
-20.022500E-06,+62.909504399E-03
-20.020000E-06,+47.231111676E-03
-20.017500E-06,+47.231111676E-03
-20.015000E-06,+49.190910684E-03
-20.012500E-06,+62.909504399E-03
-20.010000E-06,+47.231111676E-03
-20.007500E-06,+31.552718952E-03
-20.005000E-06,+33.512517961E-03
-20.002500E-06,+47.231111676E-03
-20.000000E-06,+47.231111676E-03
-19.997500E-06,+47.231111676E-03
-19.995000E-06,+47.231111676E-03
-19.992500E-06,+47.231111676E-03
-19.990000E-06,+47.231111676E-03
-19.987500E-06,+33.512517960E-03
-19.985000E-06,+47.231111676E-03
-19.982500E-06,+47.231111676E-03
-19.980000E-06,+47.231111676E-03
-19.977500E-06,+47.231111676E-03
-19.975000E-06,+47.231111676E-03
-19.972500E-06,+47.231111676E-03
-19.970000E-06,+47.231111676E-03
-19.967500E-06,+47.231111676E-03
-19.965000E-06,+47.231111676E-03
-19.962500E-06,+47.231111676E-03
-19.960000E-06,+47.231111676E-03
-19.957500E-06,+47.231111676E-03
-19.955000E-06,+47.231111676E-03
-19.952500E-06,+47.231111676E-03
-19.950000E-06,+47.231111676E-03
-19.947500E-06,+47.231111676E-03
-19.945000E-06,+47.231111676E-03
-19.942500E-06,+47.231111676E-03
-19.940000E-06,+31.552718952E-03
-19.937500E-06,+31.552718952E-03
-19.935000E-06,+47.231111676E-03
-19.932500E-06,+31.552718952E-03
-19.930000E-06,+47.231111676E-03
-19.927500E-06,+47.231111676E-03
-19.925000E-06,+31.552718952E-03
-19.922500E-06,+31.552718952E-03
-19.920000E-06,+47.231111676E-03
-19.917500E-06,+47.231111676E-03
-19.915000E-06,+47.231111676E-03
-19.912500E-06,+47.231111676E-03
-19.910000E-06,+47.231111676E-03
-19.907500E-06,+47.231111676E-03
-19.905000E-06,+31.552718952E-03
-19.902500E-06,+47.231111676E-03
-19.900000E-06,+47.231111676E-03
-19.897500E-06,+47.231111676E-03
-19.895000E-06,+31.552718952E-03
-19.892500E-06,+31.552718952E-03
-19.890000E-06,+33.512517959E-03
-19.887500E-06,+47.231111676E-03
-19.885000E-06,+31.552718952E-03
-19.882500E-06,+31.552718952E-03
-19.880000E-06,+47.231111676E-03
-19.877500E-06,+47.231111676E-03
-19.875000E-06,+31.552718952E-03
-19.872500E-06,+31.552718952E-03
-19.870000E-06,+31.552718952E-03
-19.867500E-06,+47.231111676E-03
-19.865000E-06,+31.552718952E-03
-19.862500E-06,+31.552718952E-03
-19.860000E-06,+47.231111676E-03
-19.857500E-06,+47.231111676E-03
-19.855000E-06,+31.552718952E-03
-19.852500E-06,+31.552718952E-03
-19.850000E-06,+47.231111676E-03
-19.847500E-06,+47.231111676E-03
-19.845000E-06,+47.231111676E-03
-19.842500E-06,+33.512517958E-03
-19.840000E-06,+47.231111676E-03
-19.837500E-06,+47.231111676E-03
-19.835000E-06,+31.552718952E-03
-19.832500E-06,+31.552718952E-03
-19.830000E-06,+31.552718952E-03
-19.827500E-06,+33.512517958E-03
-19.825000E-06,+47.231111676E-03
-19.822500E-06,+47.231111676E-03
-19.820000E-06,+47.231111676E-03
-19.817500E-06,+45.271312670E-03
-19.815000E-06,+31.552718952E-03
-19.812500E-06,+33.512517958E-03
-19.810000E-06,+47.231111676E-03
-19.807500E-06,+47.231111676E-03
-19.805000E-06,+31.552718952E-03
-19.802500E-06,+47.231111676E-03
-19.800000E-06,+47.231111676E-03
-19.797500E-06,+47.231111676E-03
-19.795000E-06,+31.552718952E-03
-19.792500E-06,+31.552718952E-03
-19.790000E-06,+31.552718952E-03
-19.787500E-06,+31.552718952E-03
-19.785000E-06,+31.552718952E-03
-19.782500E-06,+31.552718952E-03
-19.780000E-06,+31.552718952E-03
-19.777500E-06,+33.512517957E-03
-19.775000E-06,+47.231111676E-03
-19.772500E-06,+47.231111676E-03
-19.770000E-06,+31.552718952E-03
-19.767500E-06,+31.552718952E-03
-19.765000E-06,+47.231111676E-03
-19.762500E-06,+47.231111676E-03
-19.760000E-06,+47.231111676E-03
-19.757500E-06,+47.231111676E-03
-19.755000E-06,+47.231111676E-03
-19.752500E-06,+47.231111676E-03
-19.750000E-06,+31.552718952E-03
-19.747500E-06,+31.552718952E-03
-19.745000E-06,+31.552718952E-03
-19.742500E-06,+31.552718952E-03
-19.740000E-06,+31.552718952E-03
-19.737500E-06,+17.834125233E-03
-19.735000E-06,+31.552718952E-03
-19.732500E-06,+31.552718952E-03
-19.730000E-06,+31.552718952E-03
-19.727500E-06,+31.552718952E-03
-19.725000E-06,+31.552718952E-03
-19.722500E-06,+31.552718952E-03
-19.720000E-06,+31.552718952E-03
-19.717500E-06,+31.552718952E-03
-19.715000E-06,+33.512517956E-03
-19.712500E-06,+47.231111676E-03
-19.710000E-06,+31.552718952E-03
-19.707500E-06,+31.552718952E-03
-19.705000E-06,+31.552718952E-03
-19.702500E-06,+31.552718952E-03
-19.700000E-06,+31.552718952E-03
-19.697500E-06,+31.552718952E-03
-19.695000E-06,+31.552718952E-03
-19.692500E-06,+31.552718952E-03
-19.690000E-06,+31.552718952E-03
-19.687500E-06,+31.552718952E-03
-19.685000E-06,+31.552718952E-03
-19.682500E-06,+31.552718952E-03
-19.680000E-06,+31.552718952E-03
-19.677500E-06,+31.552718952E-03
-19.675000E-06,+31.552718952E-03
-19.672500E-06,+47.231111676E-03
-19.670000E-06,+47.231111676E-03
-19.667500E-06,+31.552718952E-03
-19.665000E-06,+31.552718952E-03
-19.662500E-06,+31.552718952E-03
-19.660000E-06,+47.231111676E-03
-19.657500E-06,+47.231111676E-03
-19.655000E-06,+31.552718952E-03
-19.652500E-06,+31.552718952E-03
-19.650000E-06,+47.231111676E-03
-19.647500E-06,+31.552718952E-03
-19.645000E-06,+31.552718952E-03
-19.642500E-06,+31.552718952E-03
-19.640000E-06,+31.552718952E-03
-19.637500E-06,+31.552718952E-03
-19.635000E-06,+31.552718952E-03
-19.632500E-06,+31.552718952E-03
-19.630000E-06,+31.552718952E-03
-19.627500E-06,+31.552718952E-03
-19.625000E-06,+31.552718952E-03
-19.622500E-06,+31.552718952E-03
-19.620000E-06,+31.552718952E-03
-19.617500E-06,+31.552718952E-03
-19.615000E-06,+31.552718952E-03
-19.612500E-06,+31.552718952E-03
-19.610000E-06,+31.552718952E-03
-19.607500E-06,+31.552718952E-03
-19.605000E-06,+31.552718952E-03
-19.602500E-06,+31.552718952E-03
-19.600000E-06,+31.552718952E-03
-19.597500E-06,+31.552718952E-03
-19.595000E-06,+31.552718952E-03
-19.592500E-06,+31.552718952E-03
-19.590000E-06,+31.552718952E-03
-19.587500E-06,+33.512517954E-03
-19.585000E-06,+31.552718952E-03
-19.582500E-06,+31.552718952E-03
-19.580000E-06,+31.552718952E-03
-19.577500E-06,+31.552718952E-03
-19.575000E-06,+31.552718952E-03
-19.572500E-06,+31.552718952E-03
-19.570000E-06,+31.552718952E-03
-19.567500E-06,+31.552718952E-03
-19.565000E-06,+31.552718952E-03
-19.562500E-06,+31.552718952E-03
-19.560000E-06,+31.552718952E-03
-19.557500E-06,+31.552718952E-03
-19.555000E-06,+31.552718952E-03
-19.552500E-06,+31.552718952E-03
-19.550000E-06,+31.552718952E-03
-19.547500E-06,+31.552718952E-03
-19.545000E-06,+31.552718952E-03
-19.542500E-06,+31.552718952E-03
-19.540000E-06,+31.552718952E-03
-19.537500E-06,+31.552718952E-03
-19.535000E-06,+15.874326229E-03
-19.532500E-06,+31.552718952E-03
-19.530000E-06,+31.552718952E-03
-19.527500E-06,+31.552718952E-03
-19.525000E-06,+31.552718952E-03
-19.522500E-06,+31.552718952E-03
-19.520000E-06,+31.552718952E-03
-19.517500E-06,+31.552718952E-03
-19.515000E-06,+31.552718952E-03
-19.512500E-06,+31.552718952E-03
-19.510000E-06,+31.552718952E-03
-19.507500E-06,+31.552718952E-03
-19.505000E-06,+31.552718952E-03
-19.502500E-06,+31.552718952E-03
-19.500000E-06,+31.552718952E-03
-19.497500E-06,+15.874326229E-03
-19.495000E-06,+31.552718952E-03
-19.492500E-06,+31.552718952E-03
-19.490000E-06,+31.552718952E-03
-19.487500E-06,+31.552718952E-03
-19.485000E-06,+15.874326229E-03
-19.482500E-06,+17.834125229E-03
-19.480000E-06,+31.552718952E-03
-19.477500E-06,+31.552718952E-03
-19.475000E-06,+31.552718952E-03
-19.472500E-06,+31.552718952E-03
-19.470000E-06,+31.552718952E-03
-19.467500E-06,+31.552718952E-03
-19.465000E-06,+31.552718952E-03
-19.462500E-06,+31.552718952E-03
-19.460000E-06,+31.552718952E-03
-19.457500E-06,+15.874326229E-03
-19.455000E-06,+15.874326229E-03
-19.452500E-06,+31.552718952E-03
-19.450000E-06,+31.552718952E-03
-19.447500E-06,+15.874326229E-03
-19.445000E-06,+15.874326229E-03
-19.442500E-06,+31.552718952E-03
-19.440000E-06,+31.552718952E-03
-19.437500E-06,+29.592919953E-03
-19.435000E-06,+15.874326229E-03
-19.432500E-06,+31.552718952E-03
-19.430000E-06,+31.552718952E-03
-19.427500E-06,+15.874326229E-03
-19.425000E-06,+15.874326229E-03
-19.422500E-06,+17.834125228E-03
-19.420000E-06,+31.552718952E-03
-19.417500E-06,+15.874326229E-03
-19.415000E-06,+15.874326229E-03
-19.412500E-06,+31.552718952E-03
-19.410000E-06,+31.552718952E-03
-19.407500E-06,+31.552718952E-03
-19.405000E-06,+15.874326229E-03
-19.402500E-06,+31.552718952E-03
-19.400000E-06,+31.552718952E-03
-19.397500E-06,+29.592919954E-03
-19.395000E-06,+15.874326229E-03
-19.392500E-06,+31.552718952E-03
-19.390000E-06,+31.552718952E-03
-19.387500E-06,+15.874326229E-03
-19.385000E-06,+15.874326229E-03
-19.382500E-06,+31.552718952E-03
-19.380000E-06,+17.834125227E-03
-19.377500E-06,+17.834125227E-03
-19.375000E-06,+31.552718952E-03
-19.372500E-06,+31.552718952E-03
-19.370000E-06,+31.552718952E-03
-19.367500E-06,+31.552718952E-03
-19.365000E-06,+31.552718952E-03
-19.362500E-06,+31.552718952E-03
-19.360000E-06,+31.552718952E-03
-19.357500E-06,+29.592919954E-03
-19.355000E-06,+15.874326229E-03
-19.352500E-06,+17.834125227E-03
-19.350000E-06,+31.552718952E-03
-19.347500E-06,+31.552718952E-03
-19.345000E-06,+15.874326229E-03
-19.342500E-06,+15.874326229E-03
-19.340000E-06,+17.834125227E-03
-19.337500E-06,+31.552718952E-03
-19.335000E-06,+15.874326229E-03
-19.332500E-06,+15.874326229E-03
-19.330000E-06,+15.874326229E-03
-19.327500E-06,+31.552718952E-03
-19.325000E-06,+15.874326229E-03
-19.322500E-06,+15.874326229E-03
-19.320000E-06,+31.552718952E-03
-19.317500E-06,+31.552718952E-03
-19.315000E-06,+15.874326229E-03
-19.312500E-06,+15.874326229E-03
-19.310000E-06,+31.552718952E-03
-19.307500E-06,+31.552718952E-03
-19.305000E-06,+15.874326229E-03
-19.302500E-06,+15.874326229E-03
-19.300000E-06,+15.874326229E-03
-19.297500E-06,+31.552718952E-03
-19.295000E-06,+15.874326229E-03
-19.292500E-06,+15.874326229E-03
-19.290000E-06,+15.874326229E-03
-19.287500E-06,+31.552718952E-03
-19.285000E-06,+29.592919956E-03
-19.282500E-06,+15.874326229E-03
-19.280000E-06,+15.874326229E-03
-19.277500E-06,+31.552718952E-03
-19.275000E-06,+29.592919956E-03
-19.272500E-06,+15.874326229E-03
-19.270000E-06,+15.874326229E-03
-19.267500E-06,+15.874326229E-03
-19.265000E-06,+15.874326229E-03
-19.262500E-06,+15.874326229E-03
-19.260000E-06,+15.874326229E-03
-19.257500E-06,+15.874326229E-03
-19.255000E-06,+15.874326229E-03
-19.252500E-06,+15.874326229E-03
-19.250000E-06,+15.874326229E-03
-19.247500E-06,+15.874326229E-03
-19.245000E-06,+15.874326229E-03
-19.242500E-06,+15.874326229E-03
-19.240000E-06,+31.552718952E-03
-19.237500E-06,+29.592919956E-03
-19.235000E-06,+15.874326229E-03
-19.232500E-06,+15.874326229E-03
-19.230000E-06,+15.874326229E-03
-19.227500E-06,+15.874326229E-03
-19.225000E-06,+15.874326229E-03
-19.222500E-06,+15.874326229E-03
-19.220000E-06,+15.874326229E-03
-19.217500E-06,+15.874326229E-03
-19.215000E-06,+15.874326229E-03
-19.212500E-06,+15.874326229E-03
-19.210000E-06,+15.874326229E-03
-19.207500E-06,+29.592919957E-03
-19.205000E-06,+15.874326229E-03
-19.202500E-06,+15.874326229E-03
-19.200000E-06,+31.552718952E-03
-19.197500E-06,+31.552718952E-03
-19.195000E-06,+15.874326229E-03
-19.192500E-06,+15.874326229E-03
-19.190000E-06,+15.874326229E-03
-19.187500E-06,+15.874326229E-03
-19.185000E-06,+15.874326229E-03
-19.182500E-06,+15.874326229E-03
-19.180000E-06,+15.874326229E-03
-19.177500E-06,+15.874326229E-03
-19.175000E-06,+15.874326229E-03
-19.172500E-06,+15.874326229E-03
-19.170000E-06,+15.874326229E-03
-19.167500E-06,+15.874326229E-03
-19.165000E-06,+15.874326229E-03
-19.162500E-06,+15.874326229E-03
-19.160000E-06,+15.874326229E-03
-19.157500E-06,+31.552718952E-03
-19.155000E-06,+31.552718952E-03
-19.152500E-06,+15.874326229E-03
-19.150000E-06,+15.874326229E-03
-19.147500E-06,+15.874326229E-03
-19.145000E-06,+15.874326229E-03
-19.142500E-06,+15.874326229E-03
-19.140000E-06,+15.874326229E-03
-19.137500E-06,+15.874326229E-03
-19.135000E-06,+15.874326229E-03
-19.132500E-06,+15.874326229E-03
-19.130000E-06,+15.874326229E-03
-19.127500E-06,+15.874326229E-03
-19.125000E-06,+15.874326229E-03
-19.122500E-06,+15.874326229E-03
-19.120000E-06,+15.874326229E-03
-19.117500E-06,+15.874326229E-03
-19.115000E-06,+15.874326229E-03
-19.112500E-06,+15.874326229E-03
-19.110000E-06,+15.874326229E-03
-19.107500E-06,+15.874326229E-03
-19.105000E-06,+15.874326229E-03
-19.102500E-06,+15.874326229E-03
-19.100000E-06,+29.592919959E-03
-19.097500E-06,+15.874326229E-03
-19.095000E-06,+15.874326229E-03
-19.092500E-06,+15.874326229E-03
-19.090000E-06,+15.874326229E-03
-19.087500E-06,+15.874326229E-03
-19.085000E-06,+195.933506E-06
-19.082500E-06,+15.874326229E-03
-19.080000E-06,+15.874326229E-03
-19.077500E-06,+15.874326229E-03
-19.075000E-06,+195.933506E-06
-19.072500E-06,+15.874326229E-03
-19.070000E-06,+15.874326229E-03
-19.067500E-06,+15.874326229E-03
-19.065000E-06,+195.933506E-06
-19.062500E-06,+15.874326229E-03
-19.060000E-06,+15.874326229E-03
-19.057500E-06,+15.874326229E-03
-19.055000E-06,+13.914527236E-03
-19.052500E-06,+195.933506E-06
-19.050000E-06,+15.874326229E-03
-19.047500E-06,+15.874326229E-03
-19.045000E-06,+15.874326229E-03
-19.042500E-06,+15.874326229E-03
-19.040000E-06,+17.834125222E-03
-19.037500E-06,+31.552718952E-03
-19.035000E-06,+29.592919960E-03
-19.032500E-06,+15.874326229E-03
-19.030000E-06,+31.552718952E-03
-19.027500E-06,+31.552718952E-03
-19.025000E-06,+15.874326229E-03
-19.022500E-06,+15.874326229E-03
-19.020000E-06,+195.933506E-06
-19.017500E-06,+15.874326229E-03
-19.015000E-06,+15.874326229E-03
-19.012500E-06,+15.874326229E-03
-19.010000E-06,+15.874326229E-03
-19.007500E-06,+15.874326229E-03
-19.005000E-06,+15.874326229E-03
-19.002500E-06,+15.874326229E-03
-19.000000E-06,+15.874326229E-03
-18.997500E-06,+15.874326229E-03
-18.995000E-06,+15.874326229E-03
-18.992500E-06,+15.874326229E-03
-18.990000E-06,+15.874326229E-03
-18.987500E-06,+15.874326229E-03
-18.985000E-06,+15.874326229E-03
-18.982500E-06,+15.874326229E-03
-18.980000E-06,+15.874326229E-03
-18.977500E-06,+15.874326229E-03
-18.975000E-06,+15.874326229E-03
-18.972500E-06,+15.874326229E-03
-18.970000E-06,+15.874326229E-03
-18.967500E-06,+15.874326229E-03
-18.965000E-06,+15.874326229E-03
-18.962500E-06,+15.874326229E-03
-18.960000E-06,+15.874326229E-03
-18.957500E-06,+195.933506E-06
-18.955000E-06,+195.933506E-06
-18.952500E-06,+2.155732497E-03
-18.950000E-06,+15.874326229E-03
-18.947500E-06,+15.874326229E-03
-18.945000E-06,+15.874326229E-03
-18.942500E-06,+15.874326229E-03
-18.940000E-06,+15.874326229E-03
-18.937500E-06,+15.874326229E-03
-18.935000E-06,+15.874326229E-03
-18.932500E-06,+15.874326229E-03
-18.930000E-06,+15.874326229E-03
-18.927500E-06,+15.874326229E-03
-18.925000E-06,+15.874326229E-03
-18.922500E-06,+15.874326229E-03
-18.920000E-06,+195.933506E-06
-18.917500E-06,+195.933506E-06
-18.915000E-06,+15.874326229E-03
-18.912500E-06,+15.874326229E-03
-18.910000E-06,+15.874326229E-03
-18.907500E-06,+195.933506E-06
-18.905000E-06,+15.874326229E-03
-18.902500E-06,+15.874326229E-03
-18.900000E-06,+15.874326229E-03
-18.897500E-06,+2.155732496E-03
-18.895000E-06,+15.874326229E-03
-18.892500E-06,+15.874326229E-03
-18.890000E-06,+15.874326229E-03
-18.887500E-06,+15.874326229E-03
-18.885000E-06,+15.874326229E-03
-18.882500E-06,+15.874326229E-03
-18.880000E-06,+15.874326229E-03
-18.877500E-06,+15.874326229E-03
-18.875000E-06,+195.933506E-06
-18.872500E-06,+15.874326229E-03
-18.870000E-06,+15.874326229E-03
-18.867500E-06,+15.874326229E-03
-18.865000E-06,+15.874326229E-03
-18.862500E-06,+15.874326229E-03
-18.860000E-06,+15.874326229E-03
-18.857500E-06,+15.874326229E-03
-18.855000E-06,+15.874326229E-03
-18.852500E-06,+195.933506E-06
-18.850000E-06,+15.874326229E-03
-18.847500E-06,+15.874326229E-03
-18.845000E-06,+15.874326229E-03
-18.842500E-06,+15.874326229E-03
-18.840000E-06,+15.874326229E-03
-18.837500E-06,+15.874326229E-03
-18.835000E-06,+15.874326229E-03
-18.832500E-06,+2.155732495E-03
-18.830000E-06,+15.874326229E-03
-18.827500E-06,+15.874326229E-03
-18.825000E-06,+15.874326229E-03
-18.822500E-06,+15.874326229E-03
-18.820000E-06,+15.874326229E-03
-18.817500E-06,+15.874326229E-03
-18.815000E-06,+15.874326229E-03
-18.812500E-06,+15.874326229E-03
-18.810000E-06,+15.874326229E-03
-18.807500E-06,+195.933506E-06
-18.805000E-06,+195.933506E-06
-18.802500E-06,+15.874326229E-03
-18.800000E-06,+195.933506E-06
-18.797500E-06,+2.155732495E-03
-18.795000E-06,+15.874326229E-03
-18.792500E-06,+13.914527240E-03
-18.790000E-06,+15.874326229E-03
-18.787500E-06,+15.874326229E-03
-18.785000E-06,+195.933506E-06
-18.782500E-06,+195.933506E-06
-18.780000E-06,+15.874326229E-03
-18.777500E-06,+15.874326229E-03
-18.775000E-06,+15.874326229E-03
-18.772500E-06,+15.874326229E-03
-18.770000E-06,+15.874326229E-03
-18.767500E-06,+15.874326229E-03
-18.765000E-06,+15.874326229E-03
-18.762500E-06,+195.933506E-06
-18.760000E-06,+15.874326229E-03
-18.757500E-06,+15.874326229E-03
-18.755000E-06,+15.874326229E-03
-18.752500E-06,+15.874326229E-03
-18.750000E-06,+195.933506E-06
-18.747500E-06,+15.874326229E-03
-18.745000E-06,+15.874326229E-03
-18.742500E-06,+195.933506E-06
-18.740000E-06,+195.933506E-06
-18.737500E-06,+15.874326229E-03
-18.735000E-06,+15.874326229E-03
-18.732500E-06,+195.933506E-06
-18.730000E-06,+195.933506E-06
-18.727500E-06,+15.874326229E-03
-18.725000E-06,+15.874326229E-03
-18.722500E-06,+15.874326229E-03
-18.720000E-06,+15.874326229E-03
-18.717500E-06,+15.874326229E-03
-18.715000E-06,+15.874326229E-03
-18.712500E-06,+195.933506E-06
-18.710000E-06,+195.933506E-06
-18.707500E-06,+15.874326229E-03
-18.705000E-06,+15.874326229E-03
-18.702500E-06,+195.933506E-06
-18.700000E-06,+15.874326229E-03
-18.697500E-06,+15.874326229E-03
-18.695000E-06,+15.874326229E-03
-18.692500E-06,+195.933506E-06
-18.690000E-06,+195.933506E-06
-18.687500E-06,+15.874326229E-03
-18.685000E-06,+15.874326229E-03
-18.682500E-06,+15.874326229E-03
-18.680000E-06,+15.874326229E-03
-18.677500E-06,+15.874326229E-03
-18.675000E-06,+15.874326229E-03
-18.672500E-06,+15.874326229E-03
-18.670000E-06,+195.933506E-06
-18.667500E-06,+195.933506E-06
-18.665000E-06,+195.933506E-06
-18.662500E-06,+195.933506E-06
-18.660000E-06,+195.933506E-06
-18.657500E-06,+195.933506E-06
-18.655000E-06,+15.874326229E-03
-18.652500E-06,+15.874326229E-03
-18.650000E-06,+15.874326229E-03
-18.647500E-06,+15.874326229E-03
-18.645000E-06,+195.933506E-06
-18.642500E-06,+195.933506E-06
-18.640000E-06,+15.874326229E-03
-18.637500E-06,+15.874326229E-03
-18.635000E-06,+195.933506E-06
-18.632500E-06,+195.933506E-06
-18.630000E-06,+195.933506E-06
-18.627500E-06,+15.874326229E-03
-18.625000E-06,+195.933506E-06
-18.622500E-06,+195.933506E-06
-18.620000E-06,+15.874326229E-03
-18.617500E-06,+15.874326229E-03
-18.615000E-06,+15.874326229E-03
-18.612500E-06,+15.874326229E-03
-18.610000E-06,+15.874326229E-03
-18.607500E-06,+15.874326229E-03
-18.605000E-06,+195.933506E-06
-18.602500E-06,+195.933506E-06
-18.600000E-06,+15.874326229E-03
-18.597500E-06,+195.933506E-06
-18.595000E-06,+195.933506E-06
-18.592500E-06,+195.933506E-06
-18.590000E-06,+2.155732491E-03
-18.587500E-06,+15.874326229E-03
-18.585000E-06,+13.914527244E-03
-18.582500E-06,+15.874326229E-03
-18.580000E-06,+15.874326229E-03
-18.577500E-06,+15.874326229E-03
-18.575000E-06,+195.933506E-06
-18.572500E-06,+195.933506E-06
-18.570000E-06,+15.874326229E-03
-18.567500E-06,+195.933506E-06
-18.565000E-06,+195.933506E-06
-18.562500E-06,+2.155732491E-03
-18.560000E-06,+15.874326229E-03
-18.557500E-06,+13.914527244E-03
-18.555000E-06,+195.933506E-06
-18.552500E-06,+195.933506E-06
-18.550000E-06,+15.874326229E-03
-18.547500E-06,+15.874326229E-03
-18.545000E-06,+15.874326229E-03
-18.542500E-06,+15.874326229E-03
-18.540000E-06,+15.874326229E-03
-18.537500E-06,+195.933506E-06
-18.535000E-06,+195.933506E-06
-18.532500E-06,+195.933506E-06
-18.530000E-06,+195.933506E-06
-18.527500E-06,+15.874326229E-03
-18.525000E-06,+195.933506E-06
-18.522500E-06,+195.933506E-06
-18.520000E-06,+195.933506E-06
-18.517500E-06,+195.933506E-06
-18.515000E-06,+195.933506E-06
-18.512500E-06,+15.874326229E-03
-18.510000E-06,+195.933506E-06
-18.507500E-06,+195.933506E-06
-18.505000E-06,+195.933506E-06
-18.502500E-06,+195.933506E-06
-18.500000E-06,+195.933506E-06
-18.497500E-06,+195.933506E-06
-18.495000E-06,+195.933506E-06
-18.492500E-06,+195.933506E-06
-18.490000E-06,+195.933506E-06
-18.487500E-06,+195.933506E-06
-18.485000E-06,+195.933506E-06
-18.482500E-06,+195.933506E-06
-18.480000E-06,+15.874326229E-03
-18.477500E-06,+195.933506E-06
-18.475000E-06,+195.933506E-06
-18.472500E-06,+195.933506E-06
-18.470000E-06,+195.933506E-06
-18.467500E-06,+195.933506E-06
-18.465000E-06,+195.933506E-06
-18.462500E-06,+195.933506E-06
-18.460000E-06,+15.874326229E-03
-18.457500E-06,+15.874326229E-03
-18.455000E-06,+195.933506E-06
-18.452500E-06,+195.933506E-06
-18.450000E-06,+15.874326229E-03
-18.447500E-06,+15.874326229E-03
-18.445000E-06,+195.933506E-06
-18.442500E-06,+195.933506E-06
-18.440000E-06,+15.874326229E-03
-18.437500E-06,+15.874326229E-03
-18.435000E-06,+195.933506E-06
-18.432500E-06,+195.933506E-06
-18.430000E-06,+195.933506E-06
-18.427500E-06,+15.874326229E-03
-18.425000E-06,+195.933506E-06
-18.422500E-06,+195.933506E-06
-18.420000E-06,+195.933506E-06
-18.417500E-06,+195.933506E-06
-18.415000E-06,+195.933506E-06
-18.412500E-06,+195.933506E-06
-18.410000E-06,+195.933506E-06
-18.407500E-06,+15.874326229E-03
-18.405000E-06,+15.874326229E-03
-18.402500E-06,+13.914527247E-03
-18.400000E-06,+195.933506E-06
-18.397500E-06,+195.933506E-06
-18.395000E-06,+195.933506E-06
-18.392500E-06,+15.874326229E-03
-18.390000E-06,+15.874326229E-03
-18.387500E-06,+15.874326229E-03
-18.385000E-06,+15.874326229E-03
-18.382500E-06,+15.874326229E-03
-18.380000E-06,+13.914527247E-03
-18.377500E-06,+195.933506E-06
-18.375000E-06,+195.933506E-06
-18.372500E-06,+195.933506E-06
-18.370000E-06,+195.933506E-06
-18.367500E-06,+195.933506E-06
-18.365000E-06,+195.933506E-06
-18.362500E-06,+195.933506E-06
-18.360000E-06,+195.933506E-06
-18.357500E-06,+195.933506E-06
-18.355000E-06,+195.933506E-06
-18.352500E-06,+15.874326229E-03
-18.350000E-06,+195.933506E-06
-18.347500E-06,+195.933506E-06
-18.345000E-06,+195.933506E-06
-18.342500E-06,+15.874326229E-03
-18.340000E-06,+195.933506E-06
-18.337500E-06,+195.933506E-06
-18.335000E-06,+15.874326229E-03
-18.332500E-06,+13.914527248E-03
-18.330000E-06,+195.933506E-06
-18.327500E-06,+195.933506E-06
-18.325000E-06,+195.933506E-06
-18.322500E-06,+195.933506E-06
-18.320000E-06,+195.933506E-06
-18.317500E-06,+195.933506E-06
-18.315000E-06,+195.933506E-06
-18.312500E-06,+195.933506E-06
-18.310000E-06,+195.933506E-06
-18.307500E-06,+195.933506E-06
-18.305000E-06,+195.933506E-06
-18.302500E-06,+195.933506E-06
-18.300000E-06,+195.933506E-06
-18.297500E-06,+195.933506E-06
-18.295000E-06,+195.933506E-06
-18.292500E-06,+195.933506E-06
-18.290000E-06,+195.933506E-06
-18.287500E-06,+195.933506E-06
-18.285000E-06,+195.933506E-06
-18.282500E-06,+195.933506E-06
-18.280000E-06,+195.933506E-06
-18.277500E-06,+195.933506E-06
-18.275000E-06,+195.933506E-06
-18.272500E-06,+195.933506E-06
-18.270000E-06,+195.933506E-06
-18.267500E-06,+13.914527249E-03
-18.265000E-06,+195.933506E-06
-18.262500E-06,+195.933506E-06
-18.260000E-06,+195.933506E-06
-18.257500E-06,+195.933506E-06
-18.255000E-06,+195.933506E-06
-18.252500E-06,+195.933506E-06
-18.250000E-06,+195.933506E-06
-18.247500E-06,+195.933506E-06
-18.245000E-06,+195.933506E-06
-18.242500E-06,+195.933506E-06
-18.240000E-06,+15.874326229E-03
-18.237500E-06,+15.874326229E-03
-18.235000E-06,+195.933506E-06
-18.232500E-06,+195.933506E-06
-18.230000E-06,+195.933506E-06
-18.227500E-06,+195.933506E-06
-18.225000E-06,+195.933506E-06
-18.222500E-06,+195.933506E-06
-18.220000E-06,+195.933506E-06
-18.217500E-06,+195.933506E-06
-18.215000E-06,+2.155732485E-03
-18.212500E-06,+15.874326229E-03
-18.210000E-06,+195.933506E-06
-18.207500E-06,+195.933506E-06
-18.205000E-06,+195.933506E-06
-18.202500E-06,+195.933506E-06
-18.200000E-06,+195.933506E-06
-18.197500E-06,+195.933506E-06
-18.195000E-06,+2.155732485E-03
-18.192500E-06,+195.933506E-06
-18.190000E-06,+195.933506E-06
-18.187500E-06,+195.933506E-06
-18.185000E-06,+195.933506E-06
-18.182500E-06,+195.933506E-06
-18.180000E-06,+195.933506E-06
-18.177500E-06,+195.933506E-06
-18.175000E-06,+15.874326229E-03
-18.172500E-06,+195.933506E-06
-18.170000E-06,+195.933506E-06
-18.167500E-06,+195.933506E-06
-18.165000E-06,+195.933506E-06
-18.162500E-06,+195.933506E-06
-18.160000E-06,+195.933506E-06
-18.157500E-06,+195.933506E-06
-18.155000E-06,+15.874326229E-03
-18.152500E-06,+195.933506E-06
-18.150000E-06,+195.933506E-06
-18.147500E-06,+195.933506E-06
-18.145000E-06,+195.933506E-06
-18.142500E-06,+195.933506E-06
-18.140000E-06,+195.933506E-06
-18.137500E-06,+195.933506E-06
-18.135000E-06,+195.933506E-06
-18.132500E-06,+195.933506E-06
-18.130000E-06,+195.933506E-06
-18.127500E-06,+195.933506E-06
-18.125000E-06,+195.933506E-06
-18.122500E-06,+195.933506E-06
-18.120000E-06,+195.933506E-06
-18.117500E-06,+195.933506E-06
-18.115000E-06,+195.933506E-06
-18.112500E-06,+195.933506E-06
-18.110000E-06,-15.482459217E-03
-18.107500E-06,+195.933506E-06
-18.105000E-06,+195.933506E-06
-18.102500E-06,+195.933506E-06
-18.100000E-06,+195.933506E-06
-18.097500E-06,+195.933506E-06
-18.095000E-06,-15.482459217E-03
-18.092500E-06,-15.482459217E-03
-18.090000E-06,+195.933506E-06
-18.087500E-06,+195.933506E-06
-18.085000E-06,+195.933506E-06
-18.082500E-06,-15.482459217E-03
-18.080000E-06,+195.933506E-06
-18.077500E-06,+195.933506E-06
-18.075000E-06,+195.933506E-06
-18.072500E-06,+195.933506E-06
-18.070000E-06,+195.933506E-06
-18.067500E-06,+195.933506E-06
-18.065000E-06,+195.933506E-06
-18.062500E-06,+195.933506E-06
-18.060000E-06,+195.933506E-06
-18.057500E-06,+195.933506E-06
-18.055000E-06,+195.933506E-06
-18.052500E-06,+195.933506E-06
-18.050000E-06,+195.933506E-06
-18.047500E-06,+195.933506E-06
-18.045000E-06,+195.933506E-06
-18.042500E-06,+195.933506E-06
-18.040000E-06,+195.933506E-06
-18.037500E-06,+195.933506E-06
-18.035000E-06,+195.933506E-06
-18.032500E-06,+195.933506E-06
-18.030000E-06,+195.933506E-06
-18.027500E-06,+195.933506E-06
-18.025000E-06,+195.933506E-06
-18.022500E-06,+15.874326229E-03
-18.020000E-06,+15.874326229E-03
-18.017500E-06,+195.933506E-06
-18.015000E-06,+195.933506E-06
-18.012500E-06,+195.933506E-06
-18.010000E-06,+195.933506E-06
-18.007500E-06,+195.933506E-06
-18.005000E-06,+195.933506E-06
-18.002500E-06,+195.933506E-06
-18.000000E-06,+195.933506E-06
-17.997500E-06,+195.933506E-06
-17.995000E-06,+195.933506E-06
-17.992500E-06,+195.933506E-06
-17.990000E-06,+195.933506E-06
-17.987500E-06,+195.933506E-06
-17.985000E-06,+195.933506E-06
-17.982500E-06,+195.933506E-06
-17.980000E-06,+195.933506E-06
-17.977500E-06,+195.933506E-06
-17.975000E-06,+195.933506E-06
-17.972500E-06,+195.933506E-06
-17.970000E-06,+195.933506E-06
-17.967500E-06,+195.933506E-06
-17.965000E-06,+195.933506E-06
-17.962500E-06,+2.155732481E-03
-17.960000E-06,+15.874326229E-03
-17.957500E-06,+195.933506E-06
-17.955000E-06,+195.933506E-06
-17.952500E-06,+195.933506E-06
-17.950000E-06,+195.933506E-06
-17.947500E-06,+195.933506E-06
-17.945000E-06,+195.933506E-06
-17.942500E-06,+195.933506E-06
-17.940000E-06,+195.933506E-06
-17.937500E-06,+195.933506E-06
-17.935000E-06,+195.933506E-06
-17.932500E-06,+195.933506E-06
-17.930000E-06,+195.933506E-06
-17.927500E-06,+2.155732481E-03
-17.925000E-06,+15.874326229E-03
-17.922500E-06,+13.914527254E-03
-17.920000E-06,+195.933506E-06
-17.917500E-06,+195.933506E-06
-17.915000E-06,+195.933506E-06
-17.912500E-06,+195.933506E-06
-17.910000E-06,+195.933506E-06
-17.907500E-06,+195.933506E-06
-17.905000E-06,+195.933506E-06
-17.902500E-06,+195.933506E-06
-17.900000E-06,+195.933506E-06
-17.897500E-06,+195.933506E-06
-17.895000E-06,+195.933506E-06
-17.892500E-06,+195.933506E-06
-17.890000E-06,+195.933506E-06
-17.887500E-06,+195.933506E-06
-17.885000E-06,+195.933506E-06
-17.882500E-06,+195.933506E-06
-17.880000E-06,+195.933506E-06
-17.877500E-06,+195.933506E-06
-17.875000E-06,+195.933506E-06
-17.872500E-06,+15.874326229E-03
-17.870000E-06,+195.933506E-06
-17.867500E-06,+195.933506E-06
-17.865000E-06,+195.933506E-06
-17.862500E-06,+195.933506E-06
-17.860000E-06,+195.933506E-06
-17.857500E-06,+195.933506E-06
-17.855000E-06,+195.933506E-06
-17.852500E-06,+195.933506E-06
-17.850000E-06,+195.933506E-06
-17.847500E-06,+195.933506E-06
-17.845000E-06,+195.933506E-06
-17.842500E-06,+195.933506E-06
-17.840000E-06,+195.933506E-06
-17.837500E-06,+195.933506E-06
-17.835000E-06,+195.933506E-06
-17.832500E-06,+195.933506E-06
-17.830000E-06,+195.933506E-06
-17.827500E-06,+195.933506E-06
-17.825000E-06,+195.933506E-06
-17.822500E-06,+195.933506E-06
-17.820000E-06,+195.933506E-06
-17.817500E-06,+195.933506E-06
-17.815000E-06,+195.933506E-06
-17.812500E-06,+195.933506E-06
-17.810000E-06,-15.482459217E-03
-17.807500E-06,+195.933506E-06
-17.805000E-06,+195.933506E-06
-17.802500E-06,+195.933506E-06
-17.800000E-06,+195.933506E-06
-17.797500E-06,+195.933506E-06
-17.795000E-06,+195.933506E-06
-17.792500E-06,+195.933506E-06
-17.790000E-06,+195.933506E-06
-17.787500E-06,+195.933506E-06
-17.785000E-06,+195.933506E-06
-17.782500E-06,+195.933506E-06
-17.780000E-06,+195.933506E-06
-17.777500E-06,+195.933506E-06
-17.775000E-06,-15.482459217E-03
-17.772500E-06,-15.482459217E-03
-17.770000E-06,+195.933506E-06
-17.767500E-06,-15.482459217E-03
-17.765000E-06,+195.933506E-06
-17.762500E-06,+195.933506E-06
-17.760000E-06,+195.933506E-06
-17.757500E-06,+195.933506E-06
-17.755000E-06,+195.933506E-06
-17.752500E-06,+195.933506E-06
-17.750000E-06,+195.933506E-06
-17.747500E-06,+195.933506E-06
-17.745000E-06,+195.933506E-06
-17.742500E-06,-1.763865466E-03
-17.740000E-06,+195.933506E-06
-17.737500E-06,+195.933506E-06
-17.735000E-06,+195.933506E-06
-17.732500E-06,+195.933506E-06
-17.730000E-06,+195.933506E-06
-17.727500E-06,+195.933506E-06
-17.725000E-06,+195.933506E-06
-17.722500E-06,+195.933506E-06
-17.720000E-06,+195.933506E-06
-17.717500E-06,-15.482459217E-03
-17.715000E-06,-15.482459217E-03
-17.712500E-06,+195.933506E-06
-17.710000E-06,+195.933506E-06
-17.707500E-06,+195.933506E-06
-17.705000E-06,+195.933506E-06
-17.702500E-06,+13.914527258E-03
-17.700000E-06,+195.933506E-06
-17.697500E-06,-1.763865465E-03
-17.695000E-06,-15.482459217E-03
-17.692500E-06,+195.933506E-06
-17.690000E-06,+195.933506E-06
-17.687500E-06,-1.763865465E-03
-17.685000E-06,+195.933506E-06
-17.682500E-06,+195.933506E-06
-17.680000E-06,+195.933506E-06
-17.677500E-06,+195.933506E-06
-17.675000E-06,+195.933506E-06
-17.672500E-06,+195.933506E-06
-17.670000E-06,+195.933506E-06
-17.667500E-06,+195.933506E-06
-17.665000E-06,-15.482459217E-03
-17.662500E-06,+195.933506E-06
-17.660000E-06,+195.933506E-06
-17.657500E-06,+195.933506E-06
-17.655000E-06,+195.933506E-06
-17.652500E-06,+195.933506E-06
-17.650000E-06,-13.522660247E-03
-17.647500E-06,+195.933506E-06
-17.645000E-06,+195.933506E-06
-17.642500E-06,+195.933506E-06
-17.640000E-06,+195.933506E-06
-17.637500E-06,+195.933506E-06
-17.635000E-06,+195.933506E-06
-17.632500E-06,+195.933506E-06
-17.630000E-06,+195.933506E-06
-17.627500E-06,+195.933506E-06
-17.625000E-06,+195.933506E-06
-17.622500E-06,+195.933506E-06
-17.620000E-06,+195.933506E-06
-17.617500E-06,+195.933506E-06
-17.615000E-06,+195.933506E-06
-17.612500E-06,+195.933506E-06
-17.610000E-06,-15.482459217E-03
-17.607500E-06,-15.482459217E-03
-17.605000E-06,+195.933506E-06
-17.602500E-06,+195.933506E-06
-17.600000E-06,+195.933506E-06
-17.597500E-06,+195.933506E-06
-17.595000E-06,+195.933506E-06
-17.592500E-06,+195.933506E-06
-17.590000E-06,+195.933506E-06
-17.587500E-06,+195.933506E-06
-17.585000E-06,+195.933506E-06
-17.582500E-06,+195.933506E-06
-17.580000E-06,+195.933506E-06
-17.577500E-06,+195.933506E-06
-17.575000E-06,+195.933506E-06
-17.572500E-06,+195.933506E-06
-17.570000E-06,+195.933506E-06
-17.567500E-06,+195.933506E-06
-17.565000E-06,+195.933506E-06
-17.562500E-06,+195.933506E-06
-17.560000E-06,+195.933506E-06
-17.557500E-06,+195.933506E-06
-17.555000E-06,+195.933506E-06
-17.552500E-06,+195.933506E-06
-17.550000E-06,+195.933506E-06
-17.547500E-06,+195.933506E-06
-17.545000E-06,+195.933506E-06
-17.542500E-06,-13.522660249E-03
-17.540000E-06,+195.933506E-06
-17.537500E-06,+195.933506E-06
-17.535000E-06,+195.933506E-06
-17.532500E-06,+195.933506E-06
-17.530000E-06,+195.933506E-06
-17.527500E-06,+195.933506E-06
-17.525000E-06,+195.933506E-06
-17.522500E-06,+195.933506E-06
-17.520000E-06,+195.933506E-06
-17.517500E-06,+195.933506E-06
-17.515000E-06,+195.933506E-06
-17.512500E-06,+195.933506E-06
-17.510000E-06,+195.933506E-06
-17.507500E-06,+195.933506E-06
-17.505000E-06,+195.933506E-06
-17.502500E-06,+195.933506E-06
-17.500000E-06,-15.482459217E-03
-17.497500E-06,+195.933506E-06
-17.495000E-06,+195.933506E-06
-17.492500E-06,+195.933506E-06
-17.490000E-06,+195.933506E-06
-17.487500E-06,+195.933506E-06
-17.485000E-06,+195.933506E-06
-17.482500E-06,-15.482459217E-03
-17.480000E-06,-13.522660250E-03
-17.477500E-06,+195.933506E-06
-17.475000E-06,+195.933506E-06
-17.472500E-06,+195.933506E-06
-17.470000E-06,+195.933506E-06
-17.467500E-06,+195.933506E-06
-17.465000E-06,+195.933506E-06
-17.462500E-06,-1.763865461E-03
-17.460000E-06,-13.522660250E-03
-17.457500E-06,+195.933506E-06
-17.455000E-06,+195.933506E-06
-17.452500E-06,+195.933506E-06
-17.450000E-06,+195.933506E-06
-17.447500E-06,+195.933506E-06
-17.445000E-06,+195.933506E-06
-17.442500E-06,-15.482459217E-03
-17.440000E-06,+195.933506E-06
-17.437500E-06,+195.933506E-06
-17.435000E-06,-1.763865461E-03
-17.432500E-06,-13.522660251E-03
-17.430000E-06,+195.933506E-06
-17.427500E-06,+15.874326229E-03
-17.425000E-06,+195.933506E-06
-17.422500E-06,+195.933506E-06
-17.420000E-06,+195.933506E-06
-17.417500E-06,+195.933506E-06
-17.415000E-06,+195.933506E-06
-17.412500E-06,+195.933506E-06
-17.410000E-06,+195.933506E-06
-17.407500E-06,+15.874326229E-03
-17.405000E-06,+195.933506E-06
-17.402500E-06,-15.482459217E-03
-17.400000E-06,+195.933506E-06
-17.397500E-06,+2.155732472E-03
-17.395000E-06,+195.933506E-06
-17.392500E-06,-15.482459217E-03
-17.390000E-06,+195.933506E-06
-17.387500E-06,+195.933506E-06
-17.385000E-06,+195.933506E-06
-17.382500E-06,+195.933506E-06
-17.380000E-06,+195.933506E-06
-17.377500E-06,+195.933506E-06
-17.375000E-06,+195.933506E-06
-17.372500E-06,-13.522660252E-03
-17.370000E-06,+195.933506E-06
-17.367500E-06,+195.933506E-06
-17.365000E-06,+195.933506E-06
-17.362500E-06,-1.763865460E-03
-17.360000E-06,+195.933506E-06
-17.357500E-06,-13.522660252E-03
-17.355000E-06,-13.522660252E-03
-17.352500E-06,-15.482459217E-03
-17.350000E-06,-15.482459217E-03
-17.347500E-06,-1.763865459E-03
-17.345000E-06,+195.933506E-06
-17.342500E-06,+195.933506E-06
-17.340000E-06,+195.933506E-06
-17.337500E-06,-13.522660252E-03
-17.335000E-06,+195.933506E-06
-17.332500E-06,+195.933506E-06
-17.330000E-06,-15.482459217E-03
-17.327500E-06,-15.482459217E-03
-17.325000E-06,-13.522660252E-03
-17.322500E-06,+195.933506E-06
-17.320000E-06,+195.933506E-06
-17.317500E-06,-15.482459217E-03
-17.315000E-06,-15.482459217E-03
-17.312500E-06,+195.933506E-06
-17.310000E-06,+195.933506E-06
-17.307500E-06,+195.933506E-06
-17.305000E-06,+195.933506E-06
-17.302500E-06,+195.933506E-06
-17.300000E-06,+195.933506E-06
-17.297500E-06,-1.763865459E-03
-17.295000E-06,-15.482459217E-03
-17.292500E-06,-15.482459217E-03
-17.290000E-06,-15.482459217E-03
-17.287500E-06,-15.482459217E-03
-17.285000E-06,-15.482459217E-03
-17.282500E-06,+195.933506E-06
-17.280000E-06,+195.933506E-06
-17.277500E-06,-15.482459217E-03
-17.275000E-06,+195.933506E-06
-17.272500E-06,+195.933506E-06
-17.270000E-06,+195.933506E-06
-17.267500E-06,+195.933506E-06
-17.265000E-06,+195.933506E-06
-17.262500E-06,+195.933506E-06
-17.260000E-06,-15.482459217E-03
-17.257500E-06,-13.522660253E-03
-17.255000E-06,-13.522660254E-03
-17.252500E-06,+195.933506E-06
-17.250000E-06,+195.933506E-06
-17.247500E-06,+195.933506E-06
-17.245000E-06,+195.933506E-06
-17.242500E-06,+195.933506E-06
-17.240000E-06,-1.763865458E-03
-17.237500E-06,-13.522660254E-03
-17.235000E-06,+195.933506E-06
-17.232500E-06,+195.933506E-06
-17.230000E-06,+195.933506E-06
-17.227500E-06,+195.933506E-06
-17.225000E-06,+195.933506E-06
-17.222500E-06,+195.933506E-06
-17.220000E-06,+195.933506E-06
-17.217500E-06,-13.522660254E-03
-17.215000E-06,+195.933506E-06
-17.212500E-06,+195.933506E-06
-17.210000E-06,+195.933506E-06
-17.207500E-06,+195.933506E-06
-17.205000E-06,+195.933506E-06
-17.202500E-06,+195.933506E-06
-17.200000E-06,+195.933506E-06
-17.197500E-06,+195.933506E-06
-17.195000E-06,+195.933506E-06
-17.192500E-06,+195.933506E-06
-17.190000E-06,+195.933506E-06
-17.187500E-06,+195.933506E-06
-17.185000E-06,+195.933506E-06
-17.182500E-06,+195.933506E-06
-17.180000E-06,+195.933506E-06
-17.177500E-06,-15.482459217E-03
-17.175000E-06,-15.482459217E-03
-17.172500E-06,-15.482459217E-03
-17.170000E-06,-15.482459217E-03
-17.167500E-06,+195.933506E-06
-17.165000E-06,-1.763865456E-03
-17.162500E-06,+195.933506E-06
-17.160000E-06,+195.933506E-06
-17.157500E-06,+195.933506E-06
-17.155000E-06,+195.933506E-06
-17.152500E-06,+195.933506E-06
-17.150000E-06,-1.763865456E-03
-17.147500E-06,-15.482459217E-03
-17.145000E-06,-15.482459217E-03
-17.142500E-06,+195.933506E-06
-17.140000E-06,+195.933506E-06
-17.137500E-06,+195.933506E-06
-17.135000E-06,+195.933506E-06
-17.132500E-06,-15.482459217E-03
-17.130000E-06,+195.933506E-06
-17.127500E-06,+195.933506E-06
-17.125000E-06,-15.482459217E-03
-17.122500E-06,+195.933506E-06
-17.120000E-06,+195.933506E-06
-17.117500E-06,+195.933506E-06
-17.115000E-06,-1.763865456E-03
-17.112500E-06,+195.933506E-06
-17.110000E-06,+195.933506E-06
-17.107500E-06,+195.933506E-06
-17.105000E-06,+195.933506E-06
-17.102500E-06,-15.482459217E-03
-17.100000E-06,-15.482459217E-03
-17.097500E-06,+195.933506E-06
-17.095000E-06,+195.933506E-06
-17.092500E-06,+195.933506E-06
-17.090000E-06,-15.482459217E-03
-17.087500E-06,-15.482459217E-03
-17.085000E-06,+195.933506E-06
-17.082500E-06,-15.482459217E-03
-17.080000E-06,-13.522660256E-03
-17.077500E-06,+195.933506E-06
-17.075000E-06,+195.933506E-06
-17.072500E-06,+195.933506E-06
-17.070000E-06,-15.482459217E-03
-17.067500E-06,-15.482459217E-03
-17.065000E-06,-15.482459217E-03
-17.062500E-06,+195.933506E-06
-17.060000E-06,+195.933506E-06
-17.057500E-06,-15.482459217E-03
-17.055000E-06,-15.482459217E-03
-17.052500E-06,-13.522660257E-03
-17.050000E-06,+195.933506E-06
-17.047500E-06,+195.933506E-06
-17.045000E-06,-15.482459217E-03
-17.042500E-06,-15.482459217E-03
-17.040000E-06,-13.522660257E-03
-17.037500E-06,+195.933506E-06
-17.035000E-06,+195.933506E-06
-17.032500E-06,+195.933506E-06
-17.030000E-06,+195.933506E-06
-17.027500E-06,+195.933506E-06
-17.025000E-06,+195.933506E-06
-17.022500E-06,+195.933506E-06
-17.020000E-06,+195.933506E-06
-17.017500E-06,+195.933506E-06
-17.015000E-06,-15.482459217E-03
-17.012500E-06,+195.933506E-06
-17.010000E-06,+195.933506E-06
-17.007500E-06,+195.933506E-06
-17.005000E-06,+195.933506E-06
-17.002500E-06,+195.933506E-06
-17.000000E-06,+195.933506E-06
-16.997500E-06,+195.933506E-06
-16.995000E-06,+195.933506E-06
-16.992500E-06,+195.933506E-06
-16.990000E-06,+195.933506E-06
-16.987500E-06,+195.933506E-06
-16.985000E-06,-15.482459217E-03
-16.982500E-06,-15.482459217E-03
-16.980000E-06,-15.482459217E-03
-16.977500E-06,-15.482459217E-03
-16.975000E-06,-15.482459217E-03
-16.972500E-06,+195.933506E-06
-16.970000E-06,+195.933506E-06
-16.967500E-06,-15.482459217E-03
-16.965000E-06,+195.933506E-06
-16.962500E-06,+195.933506E-06
-16.960000E-06,-1.763865453E-03
-16.957500E-06,-15.482459217E-03
-16.955000E-06,+195.933506E-06
-16.952500E-06,+195.933506E-06
-16.950000E-06,+195.933506E-06
-16.947500E-06,+195.933506E-06
-16.945000E-06,-15.482459217E-03
-16.942500E-06,-15.482459217E-03
-16.940000E-06,+195.933506E-06
-16.937500E-06,+195.933506E-06
-16.935000E-06,-15.482459217E-03
-16.932500E-06,-15.482459217E-03
-16.930000E-06,+195.933506E-06
-16.927500E-06,+195.933506E-06
-16.925000E-06,+195.933506E-06
-16.922500E-06,+195.933506E-06
-16.920000E-06,+195.933506E-06
-16.917500E-06,-1.763865452E-03
-16.915000E-06,-15.482459217E-03
-16.912500E-06,-15.482459217E-03
-16.910000E-06,+195.933506E-06
-16.907500E-06,+195.933506E-06
-16.905000E-06,-15.482459217E-03
-16.902500E-06,-15.482459217E-03
-16.900000E-06,-13.522660259E-03
-16.897500E-06,+195.933506E-06
-16.895000E-06,-1.763865452E-03
-16.892500E-06,-15.482459217E-03
-16.890000E-06,-15.482459217E-03
-16.887500E-06,+195.933506E-06
-16.885000E-06,+195.933506E-06
-16.882500E-06,-15.482459217E-03
-16.880000E-06,+195.933506E-06
-16.877500E-06,+195.933506E-06
-16.875000E-06,+195.933506E-06
-16.872500E-06,-15.482459217E-03
-16.870000E-06,-15.482459217E-03
-16.867500E-06,-15.482459217E-03
-16.865000E-06,-15.482459217E-03
-16.862500E-06,-15.482459217E-03
-16.860000E-06,-15.482459217E-03
-16.857500E-06,+195.933506E-06
-16.855000E-06,+195.933506E-06
-16.852500E-06,-15.482459217E-03
-16.850000E-06,-15.482459217E-03
-16.847500E-06,+195.933506E-06
-16.845000E-06,+195.933506E-06
-16.842500E-06,-15.482459217E-03
-16.840000E-06,-15.482459217E-03
-16.837500E-06,+195.933506E-06
-16.835000E-06,+195.933506E-06
-16.832500E-06,-15.482459217E-03
-16.830000E-06,-15.482459217E-03
-16.827500E-06,+195.933506E-06
-16.825000E-06,+195.933506E-06
-16.822500E-06,+195.933506E-06
-16.820000E-06,-15.482459217E-03
-16.817500E-06,-15.482459217E-03
-16.815000E-06,-15.482459217E-03
-16.812500E-06,-15.482459217E-03
-16.810000E-06,-15.482459217E-03
-16.807500E-06,-15.482459217E-03
-16.805000E-06,+195.933506E-06
-16.802500E-06,+195.933506E-06
-16.800000E-06,+195.933506E-06
-16.797500E-06,-15.482459217E-03
-16.795000E-06,-15.482459217E-03
-16.792500E-06,-15.482459217E-03
-16.790000E-06,-15.482459217E-03
-16.787500E-06,-15.482459217E-03
-16.785000E-06,-1.763865450E-03
-16.782500E-06,+195.933506E-06
-16.780000E-06,-15.482459217E-03
-16.777500E-06,+195.933506E-06
-16.775000E-06,+195.933506E-06
-16.772500E-06,+195.933506E-06
-16.770000E-06,-13.522660261E-03
-16.767500E-06,-15.482459217E-03
-16.765000E-06,-15.482459217E-03
-16.762500E-06,+195.933506E-06
-16.760000E-06,+195.933506E-06
-16.757500E-06,-15.482459217E-03
-16.755000E-06,-15.482459217E-03
-16.752500E-06,+195.933506E-06
-16.750000E-06,-15.482459217E-03
-16.747500E-06,-15.482459217E-03
-16.745000E-06,+195.933506E-06
-16.742500E-06,+195.933506E-06
-16.740000E-06,+195.933506E-06
-16.737500E-06,+195.933506E-06
-16.735000E-06,-1.763865449E-03
-16.732500E-06,+195.933506E-06
-16.730000E-06,+195.933506E-06
-16.727500E-06,+195.933506E-06
-16.725000E-06,-15.482459217E-03
-16.722500E-06,-15.482459217E-03
-16.720000E-06,+195.933506E-06
-16.717500E-06,+195.933506E-06
-16.715000E-06,-15.482459217E-03
-16.712500E-06,-15.482459217E-03
-16.710000E-06,+195.933506E-06
-16.707500E-06,-15.482459217E-03
-16.705000E-06,-15.482459217E-03
-16.702500E-06,-15.482459217E-03
-16.700000E-06,-15.482459217E-03
-16.697500E-06,-15.482459217E-03
-16.695000E-06,-15.482459217E-03
-16.692500E-06,-13.522660263E-03
-16.690000E-06,+195.933506E-06
-16.687500E-06,-1.763865449E-03
-16.685000E-06,-15.482459217E-03
-16.682500E-06,-15.482459217E-03
-16.680000E-06,+195.933506E-06
-16.677500E-06,+195.933506E-06
-16.675000E-06,-15.482459217E-03
-16.672500E-06,-15.482459217E-03
-16.670000E-06,+195.933506E-06
-16.667500E-06,+195.933506E-06
-16.665000E-06,-15.482459217E-03
-16.662500E-06,-15.482459217E-03
-16.660000E-06,-15.482459217E-03
-16.657500E-06,-15.482459217E-03
-16.655000E-06,-15.482459217E-03
-16.652500E-06,-15.482459217E-03
-16.650000E-06,-15.482459217E-03
-16.647500E-06,+195.933506E-06
-16.645000E-06,-15.482459217E-03
-16.642500E-06,-15.482459217E-03
-16.640000E-06,-13.522660263E-03
-16.637500E-06,+195.933506E-06
-16.635000E-06,+195.933506E-06
-16.632500E-06,-13.522660264E-03
-16.630000E-06,+195.933506E-06
-16.627500E-06,+195.933506E-06
-16.625000E-06,+195.933506E-06
-16.622500E-06,+195.933506E-06
-16.620000E-06,+195.933506E-06
-16.617500E-06,+195.933506E-06
-16.615000E-06,-15.482459217E-03
-16.612500E-06,-15.482459217E-03
-16.610000E-06,-15.482459217E-03
-16.607500E-06,+195.933506E-06
-16.605000E-06,-1.763865447E-03
-16.602500E-06,-15.482459217E-03
-16.600000E-06,-13.522660264E-03
-16.597500E-06,+195.933506E-06
-16.595000E-06,+195.933506E-06
-16.592500E-06,+195.933506E-06
-16.590000E-06,+195.933506E-06
-16.587500E-06,+195.933506E-06
-16.585000E-06,+195.933506E-06
-16.582500E-06,-15.482459217E-03
-16.580000E-06,-15.482459217E-03
-16.577500E-06,-1.763865447E-03
-16.575000E-06,-15.482459217E-03
-16.572500E-06,-13.522660265E-03
-16.570000E-06,+195.933506E-06
-16.567500E-06,+195.933506E-06
-16.565000E-06,+195.933506E-06
-16.562500E-06,-15.482459217E-03
-16.560000E-06,-15.482459217E-03
-16.557500E-06,+195.933506E-06
-16.555000E-06,-1.763865447E-03
-16.552500E-06,-15.482459217E-03
-16.550000E-06,-15.482459217E-03
-16.547500E-06,-15.482459217E-03
-16.545000E-06,-15.482459217E-03
-16.542500E-06,-15.482459217E-03
-16.540000E-06,-15.482459217E-03
-16.537500E-06,+195.933506E-06
-16.535000E-06,+195.933506E-06
-16.532500E-06,+195.933506E-06
-16.530000E-06,-15.482459217E-03
-16.527500E-06,-15.482459217E-03
-16.525000E-06,-15.482459217E-03
-16.522500E-06,-15.482459217E-03
-16.520000E-06,+195.933506E-06
-16.517500E-06,-15.482459217E-03
-16.515000E-06,-15.482459217E-03
-16.512500E-06,-15.482459217E-03
-16.510000E-06,-15.482459217E-03
-16.507500E-06,+195.933506E-06
-16.505000E-06,-15.482459217E-03
-16.502500E-06,-15.482459217E-03
-16.500000E-06,+195.933506E-06
-16.497500E-06,+195.933506E-06
-16.495000E-06,+195.933506E-06
-16.492500E-06,+195.933506E-06
-16.490000E-06,+195.933506E-06
-16.487500E-06,-15.482459217E-03
-16.485000E-06,-15.482459217E-03
-16.482500E-06,+195.933506E-06
-16.480000E-06,+195.933506E-06
-16.477500E-06,-15.482459217E-03
-16.475000E-06,-15.482459217E-03
-16.472500E-06,-13.522660266E-03
-16.470000E-06,+195.933506E-06
-16.467500E-06,+195.933506E-06
-16.465000E-06,-15.482459217E-03
-16.462500E-06,-15.482459217E-03
-16.460000E-06,+195.933506E-06
-16.457500E-06,-15.482459217E-03
-16.455000E-06,-15.482459217E-03
-16.452500E-06,-15.482459217E-03
-16.450000E-06,+195.933506E-06
-16.447500E-06,+195.933506E-06
-16.445000E-06,-15.482459217E-03
-16.442500E-06,-15.482459217E-03
-16.440000E-06,-15.482459217E-03
-16.437500E-06,-15.482459217E-03
-16.435000E-06,-15.482459217E-03
-16.432500E-06,-15.482459217E-03
-16.430000E-06,+195.933506E-06
-16.427500E-06,+195.933506E-06
-16.425000E-06,+195.933506E-06
-16.422500E-06,-15.482459217E-03
-16.420000E-06,-15.482459217E-03
-16.417500E-06,+195.933506E-06
-16.415000E-06,+195.933506E-06
-16.412500E-06,-15.482459217E-03
-16.410000E-06,+195.933506E-06
-16.407500E-06,+195.933506E-06
-16.405000E-06,+195.933506E-06
-16.402500E-06,-15.482459217E-03
-16.400000E-06,-15.482459217E-03
-16.397500E-06,-15.482459217E-03
-16.395000E-06,-15.482459217E-03
-16.392500E-06,-15.482459217E-03
-16.390000E-06,-15.482459217E-03
-16.387500E-06,-15.482459217E-03
-16.385000E-06,-15.482459217E-03
-16.382500E-06,-1.763865444E-03
-16.380000E-06,-15.482459217E-03
-16.377500E-06,+195.933506E-06
-16.375000E-06,+195.933506E-06
-16.372500E-06,-15.482459217E-03
-16.370000E-06,-15.482459217E-03
-16.367500E-06,-13.522660268E-03
-16.365000E-06,+195.933506E-06
-16.362500E-06,+195.933506E-06
-16.360000E-06,-15.482459217E-03
-16.357500E-06,+195.933506E-06
-16.355000E-06,+195.933506E-06
-16.352500E-06,+195.933506E-06
-16.350000E-06,+195.933506E-06
-16.347500E-06,+195.933506E-06
-16.345000E-06,+195.933506E-06
-16.342500E-06,-1.763865443E-03
-16.340000E-06,-15.482459217E-03
-16.337500E-06,-15.482459217E-03
-16.335000E-06,+195.933506E-06
-16.332500E-06,+195.933506E-06
-16.330000E-06,+195.933506E-06
-16.327500E-06,+195.933506E-06
-16.325000E-06,+195.933506E-06
-16.322500E-06,-1.763865443E-03
-16.320000E-06,+195.933506E-06
-16.317500E-06,+195.933506E-06
-16.315000E-06,+195.933506E-06
-16.312500E-06,+195.933506E-06
-16.310000E-06,+195.933506E-06
-16.307500E-06,+195.933506E-06
-16.305000E-06,+195.933506E-06
-16.302500E-06,+195.933506E-06
-16.300000E-06,-15.482459217E-03
-16.297500E-06,+195.933506E-06
-16.295000E-06,+195.933506E-06
-16.292500E-06,-15.482459217E-03
-16.290000E-06,-15.482459217E-03
-16.287500E-06,-13.522660269E-03
-16.285000E-06,+195.933506E-06
-16.282500E-06,-15.482459217E-03
-16.280000E-06,-15.482459217E-03
-16.277500E-06,-15.482459217E-03
-16.275000E-06,+195.933506E-06
-16.272500E-06,-15.482459217E-03
-16.270000E-06,-15.482459217E-03
-16.267500E-06,-15.482459217E-03
-16.265000E-06,+195.933506E-06
-16.262500E-06,-15.482459217E-03
-16.260000E-06,-15.482459217E-03
-16.257500E-06,-13.522660270E-03
-16.255000E-06,+195.933506E-06
-16.252500E-06,+195.933506E-06
-16.250000E-06,-15.482459217E-03
-16.247500E-06,+195.933506E-06
-16.245000E-06,+195.933506E-06
-16.242500E-06,-15.482459217E-03
-16.240000E-06,-15.482459217E-03
-16.237500E-06,-13.522660270E-03
-16.235000E-06,+195.933506E-06
-16.232500E-06,+195.933506E-06
-16.230000E-06,-15.482459217E-03
-16.227500E-06,+195.933506E-06
-16.225000E-06,+195.933506E-06
-16.222500E-06,+195.933506E-06
-16.220000E-06,+195.933506E-06
-16.217500E-06,+195.933506E-06
-16.215000E-06,+195.933506E-06
-16.212500E-06,+195.933506E-06
-16.210000E-06,+195.933506E-06
-16.207500E-06,-15.482459217E-03
-16.205000E-06,-15.482459217E-03
-16.202500E-06,+195.933506E-06
-16.200000E-06,+195.933506E-06
-16.197500E-06,-15.482459217E-03
-16.195000E-06,+195.933506E-06
-16.192500E-06,+195.933506E-06
-16.190000E-06,+195.933506E-06
-16.187500E-06,-15.482459217E-03
-16.185000E-06,-15.482459217E-03
-16.182500E-06,-15.482459217E-03
-16.180000E-06,-15.482459217E-03
-16.177500E-06,-15.482459217E-03
-16.175000E-06,-15.482459217E-03
-16.172500E-06,-15.482459217E-03
-16.170000E-06,-13.522660271E-03
-16.167500E-06,-1.763865440E-03
-16.165000E-06,-15.482459217E-03
-16.162500E-06,-15.482459217E-03
-16.160000E-06,-15.482459217E-03
-16.157500E-06,-15.482459217E-03
-16.155000E-06,-15.482459217E-03
-16.152500E-06,-15.482459217E-03
-16.150000E-06,+195.933506E-06
-16.147500E-06,-1.763865440E-03
-16.145000E-06,-15.482459217E-03
-16.142500E-06,-15.482459217E-03
-16.140000E-06,-15.482459217E-03
-16.137500E-06,-15.482459217E-03
-16.135000E-06,-15.482459217E-03
-16.132500E-06,-13.522660272E-03
-16.130000E-06,-15.482459217E-03
-16.127500E-06,-15.482459217E-03
-16.125000E-06,-15.482459217E-03
-16.122500E-06,-15.482459217E-03
-16.120000E-06,-15.482459217E-03
-16.117500E-06,-15.482459217E-03
-16.115000E-06,-13.522660272E-03
-16.112500E-06,+195.933506E-06
-16.110000E-06,+195.933506E-06
-16.107500E-06,-15.482459217E-03
-16.105000E-06,-13.522660272E-03
-16.102500E-06,+195.933506E-06
-16.100000E-06,-15.482459217E-03
-16.097500E-06,-15.482459217E-03
-16.095000E-06,-15.482459217E-03
-16.092500E-06,-15.482459217E-03
-16.090000E-06,-15.482459217E-03
-16.087500E-06,-15.482459217E-03
-16.085000E-06,-15.482459217E-03
-16.082500E-06,+195.933506E-06
-16.080000E-06,+195.933506E-06
-16.077500E-06,-15.482459217E-03
-16.075000E-06,+195.933506E-06
-16.072500E-06,-15.482459217E-03
-16.070000E-06,-15.482459217E-03
-16.067500E-06,-15.482459217E-03
-16.065000E-06,-15.482459217E-03
-16.062500E-06,-15.482459217E-03
-16.060000E-06,-15.482459217E-03
-16.057500E-06,-15.482459217E-03
-16.055000E-06,-13.522660273E-03
-16.052500E-06,-15.482459217E-03
-16.050000E-06,-15.482459217E-03
-16.047500E-06,+195.933506E-06
-16.045000E-06,+195.933506E-06
-16.042500E-06,-15.482459217E-03
-16.040000E-06,-15.482459217E-03
-16.037500E-06,-15.482459217E-03
-16.035000E-06,+195.933506E-06
-16.032500E-06,-15.482459217E-03
-16.030000E-06,-15.482459217E-03
-16.027500E-06,-13.522660273E-03
-16.025000E-06,+195.933506E-06
-16.022500E-06,+195.933506E-06
-16.020000E-06,-15.482459217E-03
-16.017500E-06,-15.482459217E-03
-16.015000E-06,-15.482459217E-03
-16.012500E-06,+195.933506E-06
-16.010000E-06,-15.482459217E-03
-16.007500E-06,-15.482459217E-03
-16.005000E-06,-13.522660274E-03
-16.002500E-06,+195.933506E-06
-16.000000E-06,+195.933506E-06
-15.997500E-06,-15.482459217E-03
-15.995000E-06,-15.482459217E-03
-15.992500E-06,+195.933506E-06
-15.990000E-06,-15.482459217E-03
-15.987500E-06,-15.482459217E-03
-15.985000E-06,-15.482459217E-03
-15.982500E-06,-15.482459217E-03
-15.980000E-06,-15.482459217E-03
-15.977500E-06,-15.482459217E-03
-15.975000E-06,-1.763865437E-03
-15.972500E-06,-15.482459217E-03
-15.970000E-06,-15.482459217E-03
-15.967500E-06,-15.482459217E-03
-15.965000E-06,-15.482459217E-03
-15.962500E-06,-15.482459217E-03
-15.960000E-06,-15.482459217E-03
-15.957500E-06,-15.482459217E-03
-15.955000E-06,+195.933506E-06
-15.952500E-06,+195.933506E-06
-15.950000E-06,-15.482459217E-03
-15.947500E-06,-15.482459217E-03
-15.945000E-06,+195.933506E-06
-15.942500E-06,+195.933506E-06
-15.940000E-06,-15.482459217E-03
-15.937500E-06,+195.933506E-06
-15.935000E-06,+195.933506E-06
-15.932500E-06,+195.933506E-06
-15.930000E-06,-17.442258160E-03
-15.927500E-06,-29.201052998E-03
-15.925000E-06,-15.482459217E-03
-15.922500E-06,-15.482459217E-03
-15.920000E-06,-15.482459217E-03
-15.917500E-06,-15.482459217E-03
-15.915000E-06,-15.482459217E-03
-15.912500E-06,+195.933506E-06
-15.910000E-06,+195.933506E-06
-15.907500E-06,+195.933506E-06
-15.905000E-06,+195.933506E-06
-15.902500E-06,-1.763865436E-03
-15.900000E-06,-15.482459217E-03
-15.897500E-06,-17.442258159E-03
-15.895000E-06,-15.482459217E-03
-15.892500E-06,-15.482459217E-03
-15.890000E-06,-15.482459217E-03
-15.887500E-06,-15.482459217E-03
-15.885000E-06,-15.482459217E-03
-15.882500E-06,-15.482459217E-03
-15.880000E-06,-15.482459217E-03
-15.877500E-06,-15.482459217E-03
-15.875000E-06,-15.482459217E-03
-15.872500E-06,-15.482459217E-03
-15.870000E-06,-15.482459217E-03
-15.867500E-06,-15.482459217E-03
-15.865000E-06,-15.482459217E-03
-15.862500E-06,-15.482459217E-03
-15.860000E-06,-15.482459217E-03
-15.857500E-06,-15.482459217E-03
-15.855000E-06,-15.482459217E-03
-15.852500E-06,-15.482459217E-03
-15.850000E-06,-15.482459217E-03
-15.847500E-06,+195.933506E-06
-15.845000E-06,-15.482459217E-03
-15.842500E-06,-15.482459217E-03
-15.840000E-06,+195.933506E-06
-15.837500E-06,+195.933506E-06
-15.835000E-06,-15.482459217E-03
-15.832500E-06,-15.482459217E-03
-15.830000E-06,+195.933506E-06
-15.827500E-06,+195.933506E-06
-15.825000E-06,-15.482459217E-03
-15.822500E-06,-15.482459217E-03
-15.820000E-06,-15.482459217E-03
-15.817500E-06,-15.482459217E-03
-15.815000E-06,-15.482459217E-03
-15.812500E-06,-15.482459217E-03
-15.810000E-06,-15.482459217E-03
-15.807500E-06,+195.933506E-06
-15.805000E-06,+195.933506E-06
-15.802500E-06,-15.482459217E-03
-15.800000E-06,-15.482459217E-03
-15.797500E-06,+195.933506E-06
-15.795000E-06,-15.482459217E-03
-15.792500E-06,-15.482459217E-03
-15.790000E-06,-15.482459217E-03
-15.787500E-06,-15.482459217E-03
-15.785000E-06,-15.482459217E-03
-15.782500E-06,-15.482459217E-03
-15.780000E-06,-15.482459217E-03
-15.777500E-06,+195.933506E-06
-15.775000E-06,+195.933506E-06
-15.772500E-06,+195.933506E-06
-15.770000E-06,-15.482459217E-03
-15.767500E-06,-15.482459217E-03
-15.765000E-06,-15.482459217E-03
-15.762500E-06,-15.482459217E-03
-15.760000E-06,-15.482459217E-03
-15.757500E-06,-13.522660278E-03
-15.755000E-06,+195.933506E-06
-15.752500E-06,+195.933506E-06
-15.750000E-06,+195.933506E-06
-15.747500E-06,-15.482459217E-03
-15.745000E-06,-15.482459217E-03
-15.742500E-06,-15.482459217E-03
-15.740000E-06,-15.482459217E-03
-15.737500E-06,-15.482459217E-03
-15.735000E-06,-15.482459217E-03
-15.732500E-06,-15.482459217E-03
-15.730000E-06,-15.482459217E-03
-15.727500E-06,-1.763865433E-03
-15.725000E-06,-15.482459217E-03
-15.722500E-06,-15.482459217E-03
-15.720000E-06,-15.482459217E-03
-15.717500E-06,-15.482459217E-03
-15.715000E-06,-15.482459217E-03
-15.712500E-06,-15.482459217E-03
-15.710000E-06,-15.482459217E-03
-15.707500E-06,-15.482459217E-03
-15.705000E-06,+195.933506E-06
-15.702500E-06,-15.482459217E-03
-15.700000E-06,-15.482459217E-03
-15.697500E-06,-15.482459217E-03
-15.695000E-06,+195.933506E-06
-15.692500E-06,+195.933506E-06
-15.690000E-06,+195.933506E-06
-15.687500E-06,-15.482459217E-03
-15.685000E-06,-15.482459217E-03
-15.682500E-06,-15.482459217E-03
-15.680000E-06,-15.482459217E-03
-15.677500E-06,-15.482459217E-03
-15.675000E-06,-15.482459217E-03
-15.672500E-06,-15.482459217E-03
-15.670000E-06,-15.482459217E-03
-15.667500E-06,-15.482459217E-03
-15.665000E-06,-15.482459217E-03
-15.662500E-06,-15.482459217E-03
-15.660000E-06,-15.482459217E-03
-15.657500E-06,-1.763865432E-03
-15.655000E-06,-15.482459217E-03
-15.652500E-06,-15.482459217E-03
-15.650000E-06,-15.482459217E-03
-15.647500E-06,-15.482459217E-03
-15.645000E-06,-15.482459217E-03
-15.642500E-06,-15.482459217E-03
-15.640000E-06,+195.933506E-06
-15.637500E-06,-15.482459217E-03
-15.635000E-06,-15.482459217E-03
-15.632500E-06,-15.482459217E-03
-15.630000E-06,+195.933506E-06
-15.627500E-06,+195.933506E-06
-15.625000E-06,+195.933506E-06
-15.622500E-06,-1.763865431E-03
-15.620000E-06,-15.482459217E-03
-15.617500E-06,-15.482459217E-03
-15.615000E-06,-15.482459217E-03
-15.612500E-06,-15.482459217E-03
-15.610000E-06,-15.482459217E-03
-15.607500E-06,-15.482459217E-03
-15.605000E-06,-15.482459217E-03
-15.602500E-06,-15.482459217E-03
-15.600000E-06,-15.482459217E-03
-15.597500E-06,-15.482459217E-03
-15.595000E-06,-15.482459217E-03
-15.592500E-06,-15.482459217E-03
-15.590000E-06,-15.482459217E-03
-15.587500E-06,-15.482459217E-03
-15.585000E-06,-15.482459217E-03
-15.582500E-06,+195.933506E-06
-15.580000E-06,+195.933506E-06
-15.577500E-06,+195.933506E-06
-15.575000E-06,+195.933506E-06
-15.572500E-06,-15.482459217E-03
-15.570000E-06,+195.933506E-06
-15.567500E-06,+195.933506E-06
-15.565000E-06,-15.482459217E-03
-15.562500E-06,+195.933506E-06
-15.560000E-06,+195.933506E-06
-15.557500E-06,+195.933506E-06
-15.555000E-06,+195.933506E-06
-15.552500E-06,-13.522660281E-03
-15.550000E-06,-15.482459217E-03
-15.547500E-06,-15.482459217E-03
-15.545000E-06,-15.482459217E-03
-15.542500E-06,-15.482459217E-03
-15.540000E-06,-15.482459217E-03
-15.537500E-06,+195.933506E-06
-15.535000E-06,+195.933506E-06
-15.532500E-06,-15.482459217E-03
-15.530000E-06,-31.160851941E-03
-15.527500E-06,-15.482459217E-03
-15.525000E-06,-15.482459217E-03
-15.522500E-06,-15.482459217E-03
-15.520000E-06,-15.482459217E-03
-15.517500E-06,+195.933506E-06
-15.515000E-06,+195.933506E-06
-15.512500E-06,-15.482459217E-03
-15.510000E-06,-15.482459217E-03
-15.507500E-06,-15.482459217E-03
-15.505000E-06,-15.482459217E-03
-15.502500E-06,-15.482459217E-03
-15.500000E-06,-15.482459217E-03
-15.497500E-06,-15.482459217E-03
-15.495000E-06,+195.933506E-06
-15.492500E-06,+195.933506E-06
-15.490000E-06,-15.482459217E-03
-15.487500E-06,-15.482459217E-03
-15.485000E-06,-13.522660282E-03
-15.482500E-06,-1.763865429E-03
-15.480000E-06,-15.482459217E-03
-15.477500E-06,-15.482459217E-03
-15.475000E-06,-15.482459217E-03
-15.472500E-06,-15.482459217E-03
-15.470000E-06,-15.482459217E-03
-15.467500E-06,-15.482459217E-03
-15.465000E-06,-15.482459217E-03
-15.462500E-06,-15.482459217E-03
-15.460000E-06,-15.482459217E-03
-15.457500E-06,-15.482459217E-03
-15.455000E-06,-15.482459217E-03
-15.452500E-06,+195.933506E-06
-15.450000E-06,-15.482459217E-03
-15.447500E-06,-15.482459217E-03
-15.445000E-06,-15.482459217E-03
-15.442500E-06,+195.933506E-06
-15.440000E-06,-15.482459217E-03
-15.437500E-06,-15.482459217E-03
-15.435000E-06,-13.522660283E-03
-15.432500E-06,+195.933506E-06
-15.430000E-06,-15.482459217E-03
-15.427500E-06,-15.482459217E-03
-15.425000E-06,-15.482459217E-03
-15.422500E-06,-13.522660283E-03
-15.420000E-06,-15.482459217E-03
-15.417500E-06,-15.482459217E-03
-15.415000E-06,-15.482459217E-03
-15.412500E-06,-15.482459217E-03
-15.410000E-06,-15.482459217E-03
-15.407500E-06,-15.482459217E-03
-15.405000E-06,-15.482459217E-03
-15.402500E-06,+195.933506E-06
-15.400000E-06,+195.933506E-06
-15.397500E-06,-15.482459217E-03
-15.395000E-06,-15.482459217E-03
-15.392500E-06,-15.482459217E-03
-15.390000E-06,-15.482459217E-03
-15.387500E-06,-15.482459217E-03
-15.385000E-06,-15.482459217E-03
-15.382500E-06,+195.933506E-06
-15.380000E-06,-1.763865427E-03
-15.377500E-06,-15.482459217E-03
-15.375000E-06,-15.482459217E-03
-15.372500E-06,-1.763865427E-03
-15.370000E-06,-15.482459217E-03
-15.367500E-06,-15.482459217E-03
-15.365000E-06,-15.482459217E-03
-15.362500E-06,+195.933506E-06
-15.360000E-06,-1.763865427E-03
-15.357500E-06,-15.482459217E-03
-15.355000E-06,-15.482459217E-03
-15.352500E-06,+195.933506E-06
-15.350000E-06,+195.933506E-06
-15.347500E-06,-15.482459217E-03
-15.345000E-06,-15.482459217E-03
-15.342500E-06,-15.482459217E-03
-15.340000E-06,-15.482459217E-03
-15.337500E-06,-15.482459217E-03
-15.335000E-06,+195.933506E-06
-15.332500E-06,+195.933506E-06
-15.330000E-06,-1.763865427E-03
-15.327500E-06,-15.482459217E-03
-15.325000E-06,+195.933506E-06
-15.322500E-06,+195.933506E-06
-15.320000E-06,+195.933506E-06
-15.317500E-06,-15.482459217E-03
-15.315000E-06,-15.482459217E-03
-15.312500E-06,+195.933506E-06
-15.310000E-06,-15.482459217E-03
-15.307500E-06,-15.482459217E-03
-15.305000E-06,-15.482459217E-03
-15.302500E-06,-13.522660285E-03
-15.300000E-06,+195.933506E-06
-15.297500E-06,-15.482459217E-03
-15.295000E-06,-15.482459217E-03
-15.292500E-06,-15.482459217E-03
-15.290000E-06,-15.482459217E-03
-15.287500E-06,-15.482459217E-03
-15.285000E-06,-15.482459217E-03
-15.282500E-06,-15.482459217E-03
-15.280000E-06,-15.482459217E-03
-15.277500E-06,-15.482459217E-03
-15.275000E-06,-15.482459217E-03
-15.272500E-06,-15.482459217E-03
-15.270000E-06,-15.482459217E-03
-15.267500E-06,-15.482459217E-03
-15.265000E-06,-15.482459217E-03
-15.262500E-06,-15.482459217E-03
-15.260000E-06,-29.201053009E-03
-15.257500E-06,-15.482459217E-03
-15.255000E-06,-15.482459217E-03
-15.252500E-06,-15.482459217E-03
-15.250000E-06,-15.482459217E-03
-15.247500E-06,-15.482459217E-03
-15.245000E-06,-15.482459217E-03
-15.242500E-06,-15.482459217E-03
-15.240000E-06,-15.482459217E-03
-15.237500E-06,-15.482459217E-03
-15.235000E-06,-15.482459217E-03
-15.232500E-06,-15.482459217E-03
-15.230000E-06,-1.763865426E-03
-15.227500E-06,-15.482459217E-03
-15.225000E-06,-13.522660286E-03
-15.222500E-06,-1.763865426E-03
-15.220000E-06,-15.482459217E-03
-15.217500E-06,-15.482459217E-03
-15.215000E-06,-15.482459217E-03
-15.212500E-06,-15.482459217E-03
-15.210000E-06,-15.482459217E-03
-15.207500E-06,-15.482459217E-03
-15.205000E-06,-15.482459217E-03
-15.202500E-06,-15.482459217E-03
-15.200000E-06,-15.482459217E-03
-15.197500E-06,-15.482459217E-03
-15.195000E-06,-15.482459217E-03
-15.192500E-06,-15.482459217E-03
-15.190000E-06,-15.482459217E-03
-15.187500E-06,-15.482459217E-03
-15.185000E-06,-15.482459217E-03
-15.182500E-06,-15.482459217E-03
-15.180000E-06,-15.482459217E-03
-15.177500E-06,-15.482459217E-03
-15.175000E-06,-15.482459217E-03
-15.172500E-06,-15.482459217E-03
-15.170000E-06,-15.482459217E-03
-15.167500E-06,-15.482459217E-03
-15.165000E-06,+195.933506E-06
-15.162500E-06,-15.482459217E-03
-15.160000E-06,-15.482459217E-03
-15.157500E-06,-15.482459217E-03
-15.155000E-06,-15.482459217E-03
-15.152500E-06,-15.482459217E-03
-15.150000E-06,-15.482459217E-03
-15.147500E-06,-15.482459217E-03
-15.145000E-06,-15.482459217E-03
-15.142500E-06,-15.482459217E-03
-15.140000E-06,-15.482459217E-03
-15.137500E-06,-15.482459217E-03
-15.135000E-06,-15.482459217E-03
-15.132500E-06,-15.482459217E-03
-15.130000E-06,-15.482459217E-03
-15.127500E-06,-15.482459217E-03
-15.125000E-06,-15.482459217E-03
-15.122500E-06,-15.482459217E-03
-15.120000E-06,-15.482459217E-03
-15.117500E-06,-15.482459217E-03
-15.115000E-06,-1.763865426E-03
-15.112500E-06,+195.933506E-06
-15.110000E-06,-1.763865426E-03
-15.107500E-06,+195.933506E-06
-15.105000E-06,+195.933506E-06
-15.102500E-06,+195.933506E-06
-15.100000E-06,-15.482459217E-03
-15.097500E-06,-15.482459217E-03
-15.095000E-06,+195.933506E-06
-15.092500E-06,+195.933506E-06
-15.090000E-06,-15.482459217E-03
-15.087500E-06,-15.482459217E-03
-15.085000E-06,-15.482459217E-03
-15.082500E-06,-15.482459217E-03
-15.080000E-06,-15.482459217E-03
-15.077500E-06,-15.482459217E-03
-15.075000E-06,-15.482459217E-03
-15.072500E-06,-15.482459217E-03
-15.070000E-06,-15.482459217E-03
-15.067500E-06,-15.482459217E-03
-15.065000E-06,-15.482459217E-03
-15.062500E-06,-15.482459217E-03
-15.060000E-06,+195.933506E-06
-15.057500E-06,+195.933506E-06
-15.055000E-06,-15.482459217E-03
-15.052500E-06,-15.482459217E-03
-15.050000E-06,-15.482459217E-03
-15.047500E-06,+195.933506E-06
-15.045000E-06,+195.933506E-06
-15.042500E-06,-15.482459217E-03
-15.040000E-06,-15.482459217E-03
-15.037500E-06,-15.482459217E-03
-15.035000E-06,-15.482459217E-03
-15.032500E-06,-15.482459217E-03
-15.030000E-06,-15.482459217E-03
-15.027500E-06,+195.933506E-06
-15.025000E-06,-15.482459217E-03
-15.022500E-06,-15.482459217E-03
-15.020000E-06,-15.482459217E-03
-15.017500E-06,-15.482459217E-03
-15.015000E-06,-15.482459217E-03
-15.012500E-06,-15.482459217E-03
-15.010000E-06,-15.482459217E-03
-15.007500E-06,-15.482459217E-03
-15.005000E-06,-15.482459217E-03
-15.002500E-06,-15.482459217E-03
-15.000000E-06,-13.522660285E-03
-14.997500E-06,-15.482459217E-03
-14.995000E-06,-13.522660285E-03
-14.992500E-06,+195.933506E-06
-14.990000E-06,-15.482459217E-03
-14.987500E-06,-15.482459217E-03
-14.985000E-06,-15.482459217E-03
-14.982500E-06,-13.522660285E-03
-14.980000E-06,+195.933506E-06
-14.977500E-06,-15.482459217E-03
-14.975000E-06,-15.482459217E-03
-14.972500E-06,-15.482459217E-03
-14.970000E-06,-15.482459217E-03
-14.967500E-06,-15.482459217E-03
-14.965000E-06,-15.482459217E-03
-14.962500E-06,-15.482459217E-03
-14.960000E-06,-15.482459217E-03
-14.957500E-06,-15.482459217E-03
-14.955000E-06,-15.482459217E-03
-14.952500E-06,-15.482459217E-03
-14.950000E-06,-15.482459217E-03
-14.947500E-06,-15.482459217E-03
-14.945000E-06,-15.482459217E-03
-14.942500E-06,+195.933506E-06
-14.940000E-06,+195.933506E-06
-14.937500E-06,-1.763865427E-03
-14.935000E-06,-15.482459217E-03
-14.932500E-06,-15.482459217E-03
-14.930000E-06,-15.482459217E-03
-14.927500E-06,-15.482459217E-03
-14.925000E-06,-15.482459217E-03
-14.922500E-06,-15.482459217E-03
-14.920000E-06,-15.482459217E-03
-14.917500E-06,-15.482459217E-03
-14.915000E-06,-15.482459217E-03
-14.912500E-06,-15.482459217E-03
-14.910000E-06,-15.482459217E-03
-14.907500E-06,-15.482459217E-03
-14.905000E-06,-15.482459217E-03
-14.902500E-06,-15.482459217E-03
-14.900000E-06,-15.482459217E-03
-14.897500E-06,-15.482459217E-03
-14.895000E-06,+195.933506E-06
-14.892500E-06,+195.933506E-06
-14.890000E-06,-15.482459217E-03
-14.887500E-06,-17.442258151E-03
-14.885000E-06,-15.482459217E-03
-14.882500E-06,-15.482459217E-03
-14.880000E-06,-15.482459217E-03
-14.877500E-06,-15.482459217E-03
-14.875000E-06,-15.482459217E-03
-14.872500E-06,-15.482459217E-03
-14.870000E-06,-15.482459217E-03
-14.867500E-06,-15.482459217E-03
-14.865000E-06,-15.482459217E-03
-14.862500E-06,-15.482459217E-03
-14.860000E-06,-15.482459217E-03
-14.857500E-06,-15.482459217E-03
-14.855000E-06,-15.482459217E-03
-14.852500E-06,-15.482459217E-03
-14.850000E-06,-1.763865428E-03
-14.847500E-06,+195.933506E-06
-14.845000E-06,-13.522660284E-03
-14.842500E-06,-15.482459217E-03
-14.840000E-06,-15.482459217E-03
-14.837500E-06,-15.482459217E-03
-14.835000E-06,-15.482459217E-03
-14.832500E-06,-15.482459217E-03
-14.830000E-06,-15.482459217E-03
-14.827500E-06,-15.482459217E-03
-14.825000E-06,-15.482459217E-03
-14.822500E-06,-15.482459217E-03
-14.820000E-06,-15.482459217E-03
-14.817500E-06,-15.482459217E-03
-14.815000E-06,+195.933506E-06
-14.812500E-06,-15.482459217E-03
-14.810000E-06,-15.482459217E-03
-14.807500E-06,-15.482459217E-03
-14.805000E-06,-15.482459217E-03
-14.802500E-06,-15.482459217E-03
-14.800000E-06,-15.482459217E-03
-14.797500E-06,-15.482459217E-03
-14.795000E-06,-15.482459217E-03
-14.792500E-06,-15.482459217E-03
-14.790000E-06,-15.482459217E-03
-14.787500E-06,-15.482459217E-03
-14.785000E-06,-15.482459217E-03
-14.782500E-06,-13.522660283E-03
-14.780000E-06,+195.933506E-06
-14.777500E-06,-1.763865428E-03
-14.775000E-06,-15.482459217E-03
-14.772500E-06,-13.522660283E-03
-14.770000E-06,+195.933506E-06
-14.767500E-06,+195.933506E-06
-14.765000E-06,-15.482459217E-03
-14.762500E-06,-15.482459217E-03
-14.760000E-06,-15.482459217E-03
-14.757500E-06,+195.933506E-06
-14.755000E-06,-15.482459217E-03
-14.752500E-06,-15.482459217E-03
-14.750000E-06,+195.933506E-06
-14.747500E-06,+195.933506E-06
-14.745000E-06,-15.482459217E-03
-14.742500E-06,-15.482459217E-03
-14.740000E-06,-15.482459217E-03
-14.737500E-06,+195.933506E-06
-14.735000E-06,-1.763865428E-03
-14.732500E-06,-15.482459217E-03
-14.730000E-06,-15.482459217E-03
-14.727500E-06,-15.482459217E-03
-14.725000E-06,-15.482459217E-03
-14.722500E-06,-15.482459217E-03
-14.720000E-06,-15.482459217E-03
-14.717500E-06,-15.482459217E-03
-14.715000E-06,-15.482459217E-03
-14.712500E-06,-15.482459217E-03
-14.710000E-06,-15.482459217E-03
-14.707500E-06,-15.482459217E-03
-14.705000E-06,-15.482459217E-03
-14.702500E-06,-15.482459217E-03
-14.700000E-06,-15.482459217E-03
-14.697500E-06,-15.482459217E-03
-14.695000E-06,-15.482459217E-03
-14.692500E-06,-15.482459217E-03
-14.690000E-06,-15.482459217E-03
-14.687500E-06,-15.482459217E-03
-14.685000E-06,-15.482459217E-03
-14.682500E-06,-15.482459217E-03
-14.680000E-06,-15.482459217E-03
-14.677500E-06,-15.482459217E-03
-14.675000E-06,-15.482459217E-03
-14.672500E-06,-15.482459217E-03
-14.670000E-06,-15.482459217E-03
-14.667500E-06,-15.482459217E-03
-14.665000E-06,-15.482459217E-03
-14.662500E-06,-15.482459217E-03
-14.660000E-06,-13.522660283E-03
-14.657500E-06,+195.933506E-06
-14.655000E-06,-15.482459217E-03
-14.652500E-06,-15.482459217E-03
-14.650000E-06,+195.933506E-06
-14.647500E-06,+195.933506E-06
-14.645000E-06,-15.482459217E-03
-14.642500E-06,-15.482459217E-03
-14.640000E-06,-15.482459217E-03
-14.637500E-06,-15.482459217E-03
-14.635000E-06,-15.482459217E-03
-14.632500E-06,-15.482459217E-03
-14.630000E-06,-15.482459217E-03
-14.627500E-06,+195.933506E-06
-14.625000E-06,-15.482459217E-03
-14.622500E-06,-15.482459217E-03
-14.620000E-06,-13.522660283E-03
-14.617500E-06,+195.933506E-06
-14.615000E-06,-1.763865429E-03
-14.612500E-06,-15.482459217E-03
-14.610000E-06,-15.482459217E-03
-14.607500E-06,-15.482459217E-03
-14.605000E-06,-15.482459217E-03
-14.602500E-06,-15.482459217E-03
-14.600000E-06,-15.482459217E-03
-14.597500E-06,-15.482459217E-03
-14.595000E-06,-15.482459217E-03
-14.592500E-06,-15.482459217E-03
-14.590000E-06,-15.482459217E-03
-14.587500E-06,-15.482459217E-03
-14.585000E-06,+195.933506E-06
-14.582500E-06,+195.933506E-06
-14.580000E-06,+195.933506E-06
-14.577500E-06,-15.482459217E-03
-14.575000E-06,-15.482459217E-03
-14.572500E-06,+195.933506E-06
-14.570000E-06,+195.933506E-06
-14.567500E-06,-15.482459217E-03
-14.565000E-06,-15.482459217E-03
-14.562500E-06,-15.482459217E-03
-14.560000E-06,-15.482459217E-03
-14.557500E-06,-15.482459217E-03
-14.555000E-06,-15.482459217E-03
-14.552500E-06,-13.522660282E-03
-14.550000E-06,+195.933506E-06
-14.547500E-06,+195.933506E-06
-14.545000E-06,-15.482459217E-03
-14.542500E-06,-13.522660282E-03
-14.540000E-06,-15.482459217E-03
-14.537500E-06,-15.482459217E-03
-14.535000E-06,-15.482459217E-03
-14.532500E-06,-15.482459217E-03
-14.530000E-06,+195.933506E-06
-14.527500E-06,-15.482459217E-03
-14.525000E-06,-15.482459217E-03
-14.522500E-06,-13.522660282E-03
-14.520000E-06,+195.933506E-06
-14.517500E-06,-15.482459217E-03
-14.515000E-06,-15.482459217E-03
-14.512500E-06,-15.482459217E-03
-14.510000E-06,-15.482459217E-03
-14.507500E-06,-15.482459217E-03
-14.505000E-06,-15.482459217E-03
-14.502500E-06,-13.522660282E-03
-14.500000E-06,-15.482459217E-03
-14.497500E-06,-15.482459217E-03
-14.495000E-06,+195.933506E-06
-14.492500E-06,+195.933506E-06
-14.490000E-06,-15.482459217E-03
-14.487500E-06,-15.482459217E-03
-14.485000E-06,-15.482459217E-03
-14.482500E-06,-15.482459217E-03
-14.480000E-06,+195.933506E-06
-14.477500E-06,-15.482459217E-03
-14.475000E-06,-15.482459217E-03
-14.472500E-06,-15.482459217E-03
-14.470000E-06,-15.482459217E-03
-14.467500E-06,-15.482459217E-03
-14.465000E-06,-15.482459217E-03
-14.462500E-06,+195.933506E-06
-14.460000E-06,-15.482459217E-03
-14.457500E-06,-15.482459217E-03
-14.455000E-06,-15.482459217E-03
-14.452500E-06,-15.482459217E-03
-14.450000E-06,-15.482459217E-03
-14.447500E-06,-15.482459217E-03
-14.445000E-06,-15.482459217E-03
-14.442500E-06,-15.482459217E-03
-14.440000E-06,-15.482459217E-03
-14.437500E-06,-15.482459217E-03
-14.435000E-06,-15.482459217E-03
-14.432500E-06,-15.482459217E-03
-14.430000E-06,-15.482459217E-03
-14.427500E-06,-15.482459217E-03
-14.425000E-06,-15.482459217E-03
-14.422500E-06,-15.482459217E-03
-14.420000E-06,-15.482459217E-03
-14.417500E-06,-15.482459217E-03
-14.415000E-06,-15.482459217E-03
-14.412500E-06,-15.482459217E-03
-14.410000E-06,-15.482459217E-03
-14.407500E-06,+195.933506E-06
-14.405000E-06,+195.933506E-06
-14.402500E-06,-15.482459217E-03
-14.400000E-06,-15.482459217E-03
-14.397500E-06,-15.482459217E-03
-14.395000E-06,-15.482459217E-03
-14.392500E-06,-15.482459217E-03
-14.390000E-06,-15.482459217E-03
-14.387500E-06,-15.482459217E-03
-14.385000E-06,-15.482459217E-03
-14.382500E-06,-15.482459217E-03
-14.380000E-06,-15.482459217E-03
-14.377500E-06,-15.482459217E-03
-14.375000E-06,-13.522660281E-03
-14.372500E-06,+195.933506E-06
-14.370000E-06,-1.763865430E-03
-14.367500E-06,-15.482459217E-03
-14.365000E-06,+195.933506E-06
-14.362500E-06,+195.933506E-06
-14.360000E-06,-1.763865430E-03
-14.357500E-06,-15.482459217E-03
-14.355000E-06,-15.482459217E-03
-14.352500E-06,+195.933506E-06
-14.350000E-06,+195.933506E-06
-14.347500E-06,-15.482459217E-03
-14.345000E-06,-15.482459217E-03
-14.342500E-06,+195.933506E-06
-14.340000E-06,+195.933506E-06
-14.337500E-06,-15.482459217E-03
-14.335000E-06,-15.482459217E-03
-14.332500E-06,-13.522660281E-03
-14.330000E-06,-15.482459217E-03
-14.327500E-06,-15.482459217E-03
-14.325000E-06,-15.482459217E-03
-14.322500E-06,-13.522660281E-03
-14.320000E-06,-15.482459217E-03
-14.317500E-06,-15.482459217E-03
-14.315000E-06,-15.482459217E-03
-14.312500E-06,+195.933506E-06
-14.310000E-06,-15.482459217E-03
-14.307500E-06,-15.482459217E-03
-14.305000E-06,-15.482459217E-03
-14.302500E-06,-15.482459217E-03
-14.300000E-06,-15.482459217E-03
-14.297500E-06,-15.482459217E-03
-14.295000E-06,-15.482459217E-03
-14.292500E-06,-15.482459217E-03
-14.290000E-06,+195.933506E-06
-14.287500E-06,-15.482459217E-03
-14.285000E-06,-15.482459217E-03
-14.282500E-06,+195.933506E-06
-14.280000E-06,+195.933506E-06
-14.277500E-06,-15.482459217E-03
-14.275000E-06,-15.482459217E-03
-14.272500E-06,+195.933506E-06
-14.270000E-06,+195.933506E-06
-14.267500E-06,-1.763865431E-03
-14.265000E-06,-15.482459217E-03
-14.262500E-06,-13.522660281E-03
-14.260000E-06,-15.482459217E-03
-14.257500E-06,-15.482459217E-03
-14.255000E-06,-15.482459217E-03
-14.252500E-06,-15.482459217E-03
-14.250000E-06,+195.933506E-06
-14.247500E-06,-15.482459217E-03
-14.245000E-06,-15.482459217E-03
-14.242500E-06,-13.522660281E-03
-14.240000E-06,+195.933506E-06
-14.237500E-06,-15.482459217E-03
-14.235000E-06,-15.482459217E-03
-14.232500E-06,-15.482459217E-03
-14.230000E-06,+195.933506E-06
-14.227500E-06,+195.933506E-06
-14.225000E-06,+195.933506E-06
-14.222500E-06,-1.763865431E-03
-14.220000E-06,-15.482459217E-03
-14.217500E-06,-15.482459217E-03
-14.215000E-06,-15.482459217E-03
-14.212500E-06,-15.482459217E-03
-14.210000E-06,-15.482459217E-03
-14.207500E-06,-15.482459217E-03
-14.205000E-06,-15.482459217E-03
-14.202500E-06,-15.482459217E-03
-14.200000E-06,-15.482459217E-03
-14.197500E-06,-15.482459217E-03
-14.195000E-06,-15.482459217E-03
-14.192500E-06,-15.482459217E-03
-14.190000E-06,-15.482459217E-03
-14.187500E-06,-15.482459217E-03
-14.185000E-06,-15.482459217E-03
-14.182500E-06,-15.482459217E-03
-14.180000E-06,-15.482459217E-03
-14.177500E-06,-15.482459217E-03
-14.175000E-06,-15.482459217E-03
-14.172500E-06,-15.482459217E-03
-14.170000E-06,-15.482459217E-03
-14.167500E-06,-15.482459217E-03
-14.165000E-06,-15.482459217E-03
-14.162500E-06,-15.482459217E-03
-14.160000E-06,-13.522660280E-03
-14.157500E-06,+195.933506E-06
-14.155000E-06,-1.763865431E-03
-14.152500E-06,-15.482459217E-03
-14.150000E-06,-15.482459217E-03
-14.147500E-06,-15.482459217E-03
-14.145000E-06,-15.482459217E-03
-14.142500E-06,-15.482459217E-03
-14.140000E-06,-15.482459217E-03
-14.137500E-06,-15.482459217E-03
-14.135000E-06,-15.482459217E-03
-14.132500E-06,-15.482459217E-03
-14.130000E-06,-15.482459217E-03
-14.127500E-06,-15.482459217E-03
-14.125000E-06,-15.482459217E-03
-14.122500E-06,-15.482459217E-03
-14.120000E-06,-15.482459217E-03
-14.117500E-06,-15.482459217E-03
-14.115000E-06,-15.482459217E-03
-14.112500E-06,-15.482459217E-03
-14.110000E-06,-29.201053003E-03
-14.107500E-06,-15.482459217E-03
-14.105000E-06,+195.933506E-06
-14.102500E-06,-15.482459217E-03
-14.100000E-06,-15.482459217E-03
-14.097500E-06,-15.482459217E-03
-14.095000E-06,-15.482459217E-03
-14.092500E-06,-15.482459217E-03
-14.090000E-06,-15.482459217E-03
-14.087500E-06,-15.482459217E-03
-14.085000E-06,-15.482459217E-03
-14.082500E-06,-15.482459217E-03
-14.080000E-06,-15.482459217E-03
-14.077500E-06,-15.482459217E-03
-14.075000E-06,-15.482459217E-03
-14.072500E-06,-15.482459217E-03
-14.070000E-06,-15.482459217E-03
-14.067500E-06,-15.482459217E-03
-14.065000E-06,-15.482459217E-03
-14.062500E-06,+195.933506E-06
-14.060000E-06,+195.933506E-06
-14.057500E-06,-15.482459217E-03
-14.055000E-06,-15.482459217E-03
-14.052500E-06,-15.482459217E-03
-14.050000E-06,-15.482459217E-03
-14.047500E-06,-15.482459217E-03
-14.045000E-06,-15.482459217E-03
-14.042500E-06,-15.482459217E-03
-14.040000E-06,-15.482459217E-03
-14.037500E-06,-15.482459217E-03
-14.035000E-06,-15.482459217E-03
-14.032500E-06,-15.482459217E-03
-14.030000E-06,-15.482459217E-03
-14.027500E-06,-15.482459217E-03
-14.025000E-06,-15.482459217E-03
-14.022500E-06,-15.482459217E-03
-14.020000E-06,-15.482459217E-03
-14.017500E-06,-15.482459217E-03
-14.015000E-06,-15.482459217E-03
-14.012500E-06,-15.482459217E-03
-14.010000E-06,-15.482459217E-03
-14.007500E-06,-15.482459217E-03
-14.005000E-06,-15.482459217E-03
-14.002500E-06,-15.482459217E-03
-14.000000E-06,-15.482459217E-03
-13.997500E-06,+195.933506E-06
-13.995000E-06,-15.482459217E-03
-13.992500E-06,-15.482459217E-03
-13.990000E-06,-15.482459217E-03
-13.987500E-06,-13.522660279E-03
-13.985000E-06,-15.482459217E-03
-13.982500E-06,-15.482459217E-03
-13.980000E-06,-13.522660279E-03
-13.977500E-06,+195.933506E-06
-13.975000E-06,-15.482459217E-03
-13.972500E-06,-15.482459217E-03
-13.970000E-06,-15.482459217E-03
-13.967500E-06,-15.482459217E-03
-13.965000E-06,-15.482459217E-03
-13.962500E-06,-31.160851941E-03
-13.960000E-06,-15.482459217E-03
-13.957500E-06,-15.482459217E-03
-13.955000E-06,-15.482459217E-03
-13.952500E-06,-31.160851941E-03
-13.950000E-06,-29.201053003E-03
-13.947500E-06,-15.482459217E-03
-13.945000E-06,-15.482459217E-03
-13.942500E-06,-15.482459217E-03
-13.940000E-06,-15.482459217E-03
-13.937500E-06,-15.482459217E-03
-13.935000E-06,+195.933506E-06
-13.932500E-06,-15.482459217E-03
-13.930000E-06,-15.482459217E-03
-13.927500E-06,-15.482459217E-03
-13.925000E-06,-15.482459217E-03
-13.922500E-06,-15.482459217E-03
-13.920000E-06,-15.482459217E-03
-13.917500E-06,-15.482459217E-03
-13.915000E-06,-15.482459217E-03
-13.912500E-06,-15.482459217E-03
-13.910000E-06,-15.482459217E-03
-13.907500E-06,-15.482459217E-03
-13.905000E-06,-15.482459217E-03
-13.902500E-06,-15.482459217E-03
-13.900000E-06,-15.482459217E-03
-13.897500E-06,-15.482459217E-03
-13.895000E-06,-15.482459217E-03
-13.892500E-06,-15.482459217E-03
-13.890000E-06,-15.482459217E-03
-13.887500E-06,-15.482459217E-03
-13.885000E-06,-15.482459217E-03
-13.882500E-06,-15.482459217E-03
-13.880000E-06,-15.482459217E-03
-13.877500E-06,-15.482459217E-03
-13.875000E-06,-15.482459217E-03
-13.872500E-06,-15.482459217E-03
-13.870000E-06,-15.482459217E-03
-13.867500E-06,-15.482459217E-03
-13.865000E-06,-15.482459217E-03
-13.862500E-06,-15.482459217E-03
-13.860000E-06,+195.933506E-06
-13.857500E-06,+195.933506E-06
-13.855000E-06,-1.763865433E-03
-13.852500E-06,-15.482459217E-03
-13.850000E-06,-15.482459217E-03
-13.847500E-06,-15.482459217E-03
-13.845000E-06,-15.482459217E-03
-13.842500E-06,-15.482459217E-03
-13.840000E-06,-15.482459217E-03
-13.837500E-06,-15.482459217E-03
-13.835000E-06,-15.482459217E-03
-13.832500E-06,-15.482459217E-03
-13.830000E-06,-15.482459217E-03
-13.827500E-06,-15.482459217E-03
-13.825000E-06,-15.482459217E-03
-13.822500E-06,-15.482459217E-03
-13.820000E-06,-15.482459217E-03
-13.817500E-06,-15.482459217E-03
-13.815000E-06,-15.482459217E-03
-13.812500E-06,+195.933506E-06
-13.810000E-06,-1.763865433E-03
-13.807500E-06,-15.482459217E-03
-13.805000E-06,-15.482459217E-03
-13.802500E-06,-15.482459217E-03
-13.800000E-06,-15.482459217E-03
-13.797500E-06,-15.482459217E-03
-13.795000E-06,-15.482459217E-03
-13.792500E-06,-15.482459217E-03
-13.790000E-06,-15.482459217E-03
-13.787500E-06,-15.482459217E-03
-13.785000E-06,-15.482459217E-03
-13.782500E-06,-15.482459217E-03
-13.780000E-06,-15.482459217E-03
-13.777500E-06,-15.482459217E-03
-13.775000E-06,-15.482459217E-03
-13.772500E-06,-13.522660278E-03
-13.770000E-06,-15.482459217E-03
-13.767500E-06,-15.482459217E-03
-13.765000E-06,-15.482459217E-03
-13.762500E-06,-15.482459217E-03
-13.760000E-06,-15.482459217E-03
-13.757500E-06,-15.482459217E-03
-13.755000E-06,-15.482459217E-03
-13.752500E-06,-15.482459217E-03
-13.750000E-06,-15.482459217E-03
-13.747500E-06,-15.482459217E-03
-13.745000E-06,-15.482459217E-03
-13.742500E-06,-15.482459217E-03
-13.740000E-06,-15.482459217E-03
-13.737500E-06,-15.482459217E-03
-13.735000E-06,-15.482459217E-03
-13.732500E-06,-15.482459217E-03
-13.730000E-06,-15.482459217E-03
-13.727500E-06,-15.482459217E-03
-13.725000E-06,-15.482459217E-03
-13.722500E-06,-15.482459217E-03
-13.720000E-06,-15.482459217E-03
-13.717500E-06,-15.482459217E-03
-13.715000E-06,-15.482459217E-03
-13.712500E-06,-15.482459217E-03
-13.710000E-06,-15.482459217E-03
-13.707500E-06,-15.482459217E-03
-13.705000E-06,-15.482459217E-03
-13.702500E-06,-13.522660278E-03
-13.700000E-06,-15.482459217E-03
-13.697500E-06,-15.482459217E-03
-13.695000E-06,-15.482459217E-03
-13.692500E-06,-15.482459217E-03
-13.690000E-06,-15.482459217E-03
-13.687500E-06,-15.482459217E-03
-13.685000E-06,-15.482459217E-03
-13.682500E-06,-15.482459217E-03
-13.680000E-06,-15.482459217E-03
-13.677500E-06,-15.482459217E-03
-13.675000E-06,+195.933506E-06
-13.672500E-06,-15.482459217E-03
-13.670000E-06,-15.482459217E-03
-13.667500E-06,-13.522660278E-03
-13.665000E-06,-15.482459217E-03
-13.662500E-06,-15.482459217E-03
-13.660000E-06,-15.482459217E-03
-13.657500E-06,-15.482459217E-03
-13.655000E-06,+195.933506E-06
-13.652500E-06,+195.933506E-06
-13.650000E-06,-15.482459217E-03
-13.647500E-06,-15.482459217E-03
-13.645000E-06,+195.933506E-06
-13.642500E-06,-15.482459217E-03
-13.640000E-06,-15.482459217E-03
-13.637500E-06,-15.482459217E-03
-13.635000E-06,-15.482459217E-03
-13.632500E-06,+195.933506E-06
-13.630000E-06,-15.482459217E-03
-13.627500E-06,-15.482459217E-03
-13.625000E-06,+195.933506E-06
-13.622500E-06,+195.933506E-06
-13.620000E-06,-15.482459217E-03
-13.617500E-06,-31.160851941E-03
-13.615000E-06,-15.482459217E-03
-13.612500E-06,-15.482459217E-03
-13.610000E-06,-17.442258157E-03
-13.607500E-06,-17.442258157E-03
-13.605000E-06,-15.482459217E-03
-13.602500E-06,-15.482459217E-03
-13.600000E-06,-15.482459217E-03
-13.597500E-06,-15.482459217E-03
-13.595000E-06,-15.482459217E-03
-13.592500E-06,-15.482459217E-03
-13.590000E-06,-15.482459217E-03
-13.587500E-06,-15.482459217E-03
-13.585000E-06,-15.482459217E-03
-13.582500E-06,-15.482459217E-03
-13.580000E-06,-15.482459217E-03
-13.577500E-06,-15.482459217E-03
-13.575000E-06,-15.482459217E-03
-13.572500E-06,-1.763865434E-03
-13.570000E-06,-15.482459217E-03
-13.567500E-06,-15.482459217E-03
-13.565000E-06,-13.522660277E-03
-13.562500E-06,+195.933506E-06
-13.560000E-06,-15.482459217E-03
-13.557500E-06,-15.482459217E-03
-13.555000E-06,-15.482459217E-03
-13.552500E-06,-15.482459217E-03
-13.550000E-06,+195.933506E-06
-13.547500E-06,-15.482459217E-03
-13.545000E-06,-15.482459217E-03
-13.542500E-06,-15.482459217E-03
-13.540000E-06,-15.482459217E-03
-13.537500E-06,-15.482459217E-03
-13.535000E-06,-15.482459217E-03
-13.532500E-06,-15.482459217E-03
-13.530000E-06,-15.482459217E-03
-13.527500E-06,-15.482459217E-03
-13.525000E-06,-15.482459217E-03
-13.522500E-06,-15.482459217E-03
-13.520000E-06,-15.482459217E-03
-13.517500E-06,-15.482459217E-03
-13.515000E-06,-15.482459217E-03
-13.512500E-06,+195.933506E-06
-13.510000E-06,-15.482459217E-03
-13.507500E-06,-15.482459217E-03
-13.505000E-06,-15.482459217E-03
-13.502500E-06,-15.482459217E-03
-13.500000E-06,-15.482459217E-03
-13.497500E-06,-15.482459217E-03
-13.495000E-06,-15.482459217E-03
-13.492500E-06,-15.482459217E-03
-13.490000E-06,-15.482459217E-03
-13.487500E-06,-15.482459217E-03
-13.485000E-06,-15.482459217E-03
-13.482500E-06,-13.522660277E-03
-13.480000E-06,-15.482459217E-03
-13.477500E-06,-15.482459217E-03
-13.475000E-06,+195.933506E-06
-13.472500E-06,-15.482459217E-03
-13.470000E-06,-15.482459217E-03
-13.467500E-06,-15.482459217E-03
-13.465000E-06,-15.482459217E-03
-13.462500E-06,-15.482459217E-03
-13.460000E-06,-15.482459217E-03
-13.457500E-06,-15.482459217E-03
-13.455000E-06,-15.482459217E-03
-13.452500E-06,-15.482459217E-03
-13.450000E-06,-1.763865435E-03
-13.447500E-06,-15.482459217E-03
-13.445000E-06,-15.482459217E-03
-13.442500E-06,-15.482459217E-03
-13.440000E-06,-15.482459217E-03
-13.437500E-06,-15.482459217E-03
-13.435000E-06,-15.482459217E-03
-13.432500E-06,-15.482459217E-03
-13.430000E-06,-15.482459217E-03
-13.427500E-06,-15.482459217E-03
-13.425000E-06,-15.482459217E-03
-13.422500E-06,-15.482459217E-03
-13.420000E-06,-15.482459217E-03
-13.417500E-06,-15.482459217E-03
-13.415000E-06,-15.482459217E-03
-13.412500E-06,-15.482459217E-03
-13.410000E-06,-15.482459217E-03
-13.407500E-06,-15.482459217E-03
-13.405000E-06,-13.522660277E-03
-13.402500E-06,-15.482459217E-03
-13.400000E-06,-15.482459217E-03
-13.397500E-06,-15.482459217E-03
-13.395000E-06,+195.933506E-06
-13.392500E-06,-15.482459217E-03
-13.390000E-06,-15.482459217E-03
-13.387500E-06,-15.482459217E-03
-13.385000E-06,-13.522660276E-03
-13.382500E-06,-15.482459217E-03
-13.380000E-06,-17.442258158E-03
-13.377500E-06,-15.482459217E-03
-13.375000E-06,+195.933506E-06
-13.372500E-06,-15.482459217E-03
-13.370000E-06,-15.482459217E-03
-13.367500E-06,-15.482459217E-03
-13.365000E-06,-15.482459217E-03
-13.362500E-06,-15.482459217E-03
-13.360000E-06,-15.482459217E-03
-13.357500E-06,-15.482459217E-03
-13.355000E-06,-15.482459217E-03
-13.352500E-06,-15.482459217E-03
-13.350000E-06,-15.482459217E-03
-13.347500E-06,-15.482459217E-03
-13.345000E-06,-15.482459217E-03
-13.342500E-06,-15.482459217E-03
-13.340000E-06,-15.482459217E-03
-13.337500E-06,-15.482459217E-03
-13.335000E-06,-15.482459217E-03
-13.332500E-06,-15.482459217E-03
-13.330000E-06,-31.160851941E-03
-13.327500E-06,-15.482459217E-03
-13.325000E-06,-15.482459217E-03
-13.322500E-06,-15.482459217E-03
-13.320000E-06,-15.482459217E-03
-13.317500E-06,-15.482459217E-03
-13.315000E-06,-15.482459217E-03
-13.312500E-06,+195.933506E-06
-13.310000E-06,-15.482459217E-03
-13.307500E-06,-15.482459217E-03
-13.305000E-06,-15.482459217E-03
-13.302500E-06,-15.482459217E-03
-13.300000E-06,-15.482459217E-03
-13.297500E-06,-15.482459217E-03
-13.295000E-06,-15.482459217E-03
-13.292500E-06,+195.933506E-06
-13.290000E-06,-15.482459217E-03
-13.287500E-06,-15.482459217E-03
-13.285000E-06,-15.482459217E-03
-13.282500E-06,-15.482459217E-03
-13.280000E-06,-15.482459217E-03
-13.277500E-06,-15.482459217E-03
-13.275000E-06,-15.482459217E-03
-13.272500E-06,-15.482459217E-03
-13.270000E-06,-15.482459217E-03
-13.267500E-06,-15.482459217E-03
-13.265000E-06,+195.933506E-06
-13.262500E-06,-15.482459217E-03
-13.260000E-06,-15.482459217E-03
-13.257500E-06,+195.933506E-06
-13.255000E-06,-15.482459217E-03
-13.252500E-06,-15.482459217E-03
-13.250000E-06,-15.482459217E-03
-13.247500E-06,-15.482459217E-03
-13.245000E-06,-13.522660276E-03
-13.242500E-06,-15.482459217E-03
-13.240000E-06,-15.482459217E-03
-13.237500E-06,-15.482459217E-03
-13.235000E-06,-15.482459217E-03
-13.232500E-06,+195.933506E-06
-13.230000E-06,-15.482459217E-03
-13.227500E-06,-15.482459217E-03
-13.225000E-06,-15.482459217E-03
-13.222500E-06,-15.482459217E-03
-13.220000E-06,-15.482459217E-03
-13.217500E-06,-15.482459217E-03
-13.215000E-06,-15.482459217E-03
-13.212500E-06,+195.933506E-06
-13.210000E-06,-15.482459217E-03
-13.207500E-06,-15.482459217E-03
-13.205000E-06,-31.160851941E-03
-13.202500E-06,-15.482459217E-03
-13.200000E-06,-15.482459217E-03
-13.197500E-06,-15.482459217E-03
-13.195000E-06,-15.482459217E-03
-13.192500E-06,-15.482459217E-03
-13.190000E-06,+195.933506E-06
-13.187500E-06,+195.933506E-06
-13.185000E-06,-15.482459217E-03
-13.182500E-06,-15.482459217E-03
-13.180000E-06,+195.933506E-06
-13.177500E-06,-1.763865436E-03
-13.175000E-06,-15.482459217E-03
-13.172500E-06,-15.482459217E-03
-13.170000E-06,-15.482459217E-03
-13.167500E-06,-15.482459217E-03
-13.165000E-06,-15.482459217E-03
-13.162500E-06,-15.482459217E-03
-13.160000E-06,+195.933506E-06
-13.157500E-06,-15.482459217E-03
-13.155000E-06,-15.482459217E-03
-13.152500E-06,-15.482459217E-03
-13.150000E-06,-15.482459217E-03
-13.147500E-06,-15.482459217E-03
-13.145000E-06,-15.482459217E-03
-13.142500E-06,-15.482459217E-03
-13.140000E-06,-15.482459217E-03
-13.137500E-06,-15.482459217E-03
-13.135000E-06,-15.482459217E-03
-13.132500E-06,+195.933506E-06
-13.130000E-06,-15.482459217E-03
-13.127500E-06,-15.482459217E-03
-13.125000E-06,-15.482459217E-03
-13.122500E-06,-15.482459217E-03
-13.120000E-06,-15.482459217E-03
-13.117500E-06,-15.482459217E-03
-13.115000E-06,-17.442258160E-03
-13.112500E-06,-15.482459217E-03
-13.110000E-06,-15.482459217E-03
-13.107500E-06,-15.482459217E-03
-13.105000E-06,-15.482459217E-03
-13.102500E-06,-15.482459217E-03
-13.100000E-06,-15.482459217E-03
-13.097500E-06,-15.482459217E-03
-13.095000E-06,-15.482459217E-03
-13.092500E-06,-15.482459217E-03
-13.090000E-06,-15.482459217E-03
-13.087500E-06,-15.482459217E-03
-13.085000E-06,-15.482459217E-03
-13.082500E-06,-15.482459217E-03
-13.080000E-06,-15.482459217E-03
-13.077500E-06,-15.482459217E-03
-13.075000E-06,-15.482459217E-03
-13.072500E-06,+195.933506E-06
-13.070000E-06,+195.933506E-06
-13.067500E-06,-15.482459217E-03
-13.065000E-06,+195.933506E-06
-13.062500E-06,+195.933506E-06
-13.060000E-06,-15.482459217E-03
-13.057500E-06,-31.160851941E-03
-13.055000E-06,-15.482459217E-03
-13.052500E-06,+195.933506E-06
-13.050000E-06,-15.482459217E-03
-13.047500E-06,-15.482459217E-03
-13.045000E-06,-15.482459217E-03
-13.042500E-06,-1.763865437E-03
-13.040000E-06,-15.482459217E-03
-13.037500E-06,-15.482459217E-03
-13.035000E-06,-15.482459217E-03
-13.032500E-06,-15.482459217E-03
-13.030000E-06,-15.482459217E-03
-13.027500E-06,-15.482459217E-03
-13.025000E-06,-15.482459217E-03
-13.022500E-06,-15.482459217E-03
-13.020000E-06,-15.482459217E-03
-13.017500E-06,-15.482459217E-03
-13.015000E-06,-15.482459217E-03
-13.012500E-06,-15.482459217E-03
-13.010000E-06,-15.482459217E-03
-13.007500E-06,-15.482459217E-03
-13.005000E-06,-15.482459217E-03
-13.002500E-06,-15.482459217E-03
-13.000000E-06,+195.933506E-06
-12.997500E-06,-15.482459217E-03
-12.995000E-06,-15.482459217E-03
-12.992500E-06,-15.482459217E-03
-12.990000E-06,-15.482459217E-03
-12.987500E-06,-15.482459217E-03
-12.985000E-06,-15.482459217E-03
-12.982500E-06,-15.482459217E-03
-12.980000E-06,-15.482459217E-03
-12.977500E-06,-15.482459217E-03
-12.975000E-06,-15.482459217E-03
-12.972500E-06,-13.522660274E-03
-12.970000E-06,-15.482459217E-03
-12.967500E-06,-17.442258160E-03
-12.965000E-06,-31.160851941E-03
-12.962500E-06,-15.482459217E-03
-12.960000E-06,-15.482459217E-03
-12.957500E-06,-15.482459217E-03
-12.955000E-06,-15.482459217E-03
-12.952500E-06,-15.482459217E-03
-12.950000E-06,-15.482459217E-03
-12.947500E-06,-15.482459217E-03
-12.945000E-06,-15.482459217E-03
-12.942500E-06,-15.482459217E-03
-12.940000E-06,-15.482459217E-03
-12.937500E-06,-15.482459217E-03
-12.935000E-06,-15.482459217E-03
-12.932500E-06,-15.482459217E-03
-12.930000E-06,+195.933506E-06
-12.927500E-06,-1.763865437E-03
-12.925000E-06,-15.482459217E-03
-12.922500E-06,-15.482459217E-03
-12.920000E-06,+195.933506E-06
-12.917500E-06,+195.933506E-06
-12.915000E-06,-15.482459217E-03
-12.912500E-06,-15.482459217E-03
-12.910000E-06,-15.482459217E-03
-12.907500E-06,-15.482459217E-03
-12.905000E-06,-15.482459217E-03
-12.902500E-06,-15.482459217E-03
-12.900000E-06,-15.482459217E-03
-12.897500E-06,-15.482459217E-03
-12.895000E-06,-15.482459217E-03
-12.892500E-06,-15.482459217E-03
-12.890000E-06,-15.482459217E-03
-12.887500E-06,+195.933506E-06
-12.885000E-06,-15.482459217E-03
-12.882500E-06,-15.482459217E-03
-12.880000E-06,-15.482459217E-03
-12.877500E-06,-15.482459217E-03
-12.875000E-06,-15.482459217E-03
-12.872500E-06,-15.482459217E-03
-12.870000E-06,-15.482459217E-03
-12.867500E-06,-15.482459217E-03
-12.865000E-06,-15.482459217E-03
-12.862500E-06,-15.482459217E-03
-12.860000E-06,-15.482459217E-03
-12.857500E-06,-15.482459217E-03
-12.855000E-06,-15.482459217E-03
-12.852500E-06,-15.482459217E-03
-12.850000E-06,-15.482459217E-03
-12.847500E-06,-15.482459217E-03
-12.845000E-06,-15.482459217E-03
-12.842500E-06,-15.482459217E-03
-12.840000E-06,-15.482459217E-03
-12.837500E-06,-15.482459217E-03
-12.835000E-06,-15.482459217E-03
-12.832500E-06,-15.482459217E-03
-12.830000E-06,-15.482459217E-03
-12.827500E-06,-15.482459217E-03
-12.825000E-06,-15.482459217E-03
-12.822500E-06,-15.482459217E-03
-12.820000E-06,-15.482459217E-03
-12.817500E-06,-15.482459217E-03
-12.815000E-06,-15.482459217E-03
-12.812500E-06,-15.482459217E-03
-12.810000E-06,-15.482459217E-03
-12.807500E-06,-15.482459217E-03
-12.805000E-06,-15.482459217E-03
-12.802500E-06,-15.482459217E-03
-12.800000E-06,-15.482459217E-03
-12.797500E-06,-15.482459217E-03
-12.795000E-06,-15.482459217E-03
-12.792500E-06,-15.482459217E-03
-12.790000E-06,-15.482459217E-03
-12.787500E-06,-15.482459217E-03
-12.785000E-06,-15.482459217E-03
-12.782500E-06,-15.482459217E-03
-12.780000E-06,-15.482459217E-03
-12.777500E-06,-15.482459217E-03
-12.775000E-06,-15.482459217E-03
-12.772500E-06,-15.482459217E-03
-12.770000E-06,-15.482459217E-03
-12.767500E-06,-15.482459217E-03
-12.765000E-06,+195.933506E-06
-12.762500E-06,-15.482459217E-03
-12.760000E-06,-15.482459217E-03
-12.757500E-06,-15.482459217E-03
-12.755000E-06,+195.933506E-06
-12.752500E-06,-15.482459217E-03
-12.750000E-06,-15.482459217E-03
-12.747500E-06,-15.482459217E-03
-12.745000E-06,-13.522660273E-03
-12.742500E-06,-15.482459217E-03
-12.740000E-06,-15.482459217E-03
-12.737500E-06,-15.482459217E-03
-12.735000E-06,-15.482459217E-03
-12.732500E-06,-15.482459217E-03
-12.730000E-06,-15.482459217E-03
-12.727500E-06,-15.482459217E-03
-12.725000E-06,-15.482459217E-03
-12.722500E-06,-15.482459217E-03
-12.720000E-06,-15.482459217E-03
-12.717500E-06,-15.482459217E-03
-12.715000E-06,-15.482459217E-03
-12.712500E-06,-15.482459217E-03
-12.710000E-06,-15.482459217E-03
-12.707500E-06,-15.482459217E-03
-12.705000E-06,-15.482459217E-03
-12.702500E-06,-15.482459217E-03
-12.700000E-06,-15.482459217E-03
-12.697500E-06,-31.160851941E-03
-12.695000E-06,-15.482459217E-03
-12.692500E-06,-15.482459217E-03
-12.690000E-06,-15.482459217E-03
-12.687500E-06,-31.160851941E-03
-12.685000E-06,-15.482459217E-03
-12.682500E-06,-13.522660273E-03
-12.680000E-06,-1.763865438E-03
-12.677500E-06,-15.482459217E-03
-12.675000E-06,-15.482459217E-03
-12.672500E-06,-15.482459217E-03
-12.670000E-06,+195.933506E-06
-12.667500E-06,-15.482459217E-03
-12.665000E-06,-15.482459217E-03
-12.662500E-06,-15.482459217E-03
-12.660000E-06,-15.482459217E-03
-12.657500E-06,-15.482459217E-03
-12.655000E-06,-15.482459217E-03
-12.652500E-06,-15.482459217E-03
-12.650000E-06,-15.482459217E-03
-12.647500E-06,-15.482459217E-03
-12.645000E-06,-15.482459217E-03
-12.642500E-06,-15.482459217E-03
-12.640000E-06,-15.482459217E-03
-12.637500E-06,-15.482459217E-03
-12.635000E-06,-15.482459217E-03
-12.632500E-06,-15.482459217E-03
-12.630000E-06,-15.482459217E-03
-12.627500E-06,-15.482459217E-03
-12.625000E-06,-15.482459217E-03
-12.622500E-06,-17.442258162E-03
-12.620000E-06,-15.482459217E-03
-12.617500E-06,-15.482459217E-03
-12.615000E-06,-15.482459217E-03
-12.612500E-06,-15.482459217E-03
-12.610000E-06,-15.482459217E-03
-12.607500E-06,-15.482459217E-03
-12.605000E-06,-15.482459217E-03
-12.602500E-06,-15.482459217E-03
-12.600000E-06,-15.482459217E-03
-12.597500E-06,-15.482459217E-03
-12.595000E-06,-15.482459217E-03
-12.592500E-06,-15.482459217E-03
-12.590000E-06,-13.522660272E-03
-12.587500E-06,-15.482459217E-03
-12.585000E-06,-15.482459217E-03
-12.582500E-06,-15.482459217E-03
-12.580000E-06,-15.482459217E-03
-12.577500E-06,-31.160851941E-03
-12.575000E-06,-15.482459217E-03
-12.572500E-06,-15.482459217E-03
-12.570000E-06,-15.482459217E-03
-12.567500E-06,-15.482459217E-03
-12.565000E-06,-15.482459217E-03
-12.562500E-06,+195.933506E-06
-12.560000E-06,+195.933506E-06
-12.557500E-06,-15.482459217E-03
-12.555000E-06,-15.482459217E-03
-12.552500E-06,-15.482459217E-03
-12.550000E-06,-15.482459217E-03
-12.547500E-06,-15.482459217E-03
-12.545000E-06,+195.933506E-06
-12.542500E-06,+195.933506E-06
-12.540000E-06,-1.763865439E-03
-12.537500E-06,-15.482459217E-03
-12.535000E-06,-15.482459217E-03
-12.532500E-06,-15.482459217E-03
-12.530000E-06,-15.482459217E-03
-12.527500E-06,-15.482459217E-03
-12.525000E-06,-15.482459217E-03
-12.522500E-06,-15.482459217E-03
-12.520000E-06,-1.763865439E-03
-12.517500E-06,-15.482459217E-03
-12.515000E-06,-15.482459217E-03
-12.512500E-06,+195.933506E-06
-12.510000E-06,-15.482459217E-03
-12.507500E-06,-15.482459217E-03
-12.505000E-06,-15.482459217E-03
-12.502500E-06,-15.482459217E-03
-12.500000E-06,-15.482459217E-03
-12.497500E-06,-15.482459217E-03
-12.495000E-06,-15.482459217E-03
-12.492500E-06,+195.933506E-06
-12.490000E-06,-15.482459217E-03
-12.487500E-06,-15.482459217E-03
-12.485000E-06,-15.482459217E-03
-12.482500E-06,-15.482459217E-03
-12.480000E-06,-15.482459217E-03
-12.477500E-06,-17.442258163E-03
-12.475000E-06,-15.482459217E-03
-12.472500E-06,-13.522660272E-03
-12.470000E-06,+195.933506E-06
-12.467500E-06,-15.482459217E-03
-12.465000E-06,-15.482459217E-03
-12.462500E-06,-15.482459217E-03
-12.460000E-06,-15.482459217E-03
-12.457500E-06,-15.482459217E-03
-12.455000E-06,-15.482459217E-03
-12.452500E-06,-15.482459217E-03
-12.450000E-06,-15.482459217E-03
-12.447500E-06,-15.482459217E-03
-12.445000E-06,-15.482459217E-03
-12.442500E-06,-15.482459217E-03
-12.440000E-06,-15.482459217E-03
-12.437500E-06,-15.482459217E-03
-12.435000E-06,-15.482459217E-03
-12.432500E-06,-15.482459217E-03
-12.430000E-06,-15.482459217E-03
-12.427500E-06,-15.482459217E-03
-12.425000E-06,-15.482459217E-03
-12.422500E-06,-15.482459217E-03
-12.420000E-06,-15.482459217E-03
-12.417500E-06,-15.482459217E-03
-12.415000E-06,-15.482459217E-03
-12.412500E-06,+195.933506E-06
-12.410000E-06,-15.482459217E-03
-12.407500E-06,-15.482459217E-03
-12.405000E-06,-15.482459217E-03
-12.402500E-06,+195.933506E-06
-12.400000E-06,-15.482459217E-03
-12.397500E-06,-15.482459217E-03
-12.395000E-06,-15.482459217E-03
-12.392500E-06,-15.482459217E-03
-12.390000E-06,-15.482459217E-03
-12.387500E-06,-15.482459217E-03
-12.385000E-06,-15.482459217E-03
-12.382500E-06,-15.482459217E-03
-12.380000E-06,-15.482459217E-03
-12.377500E-06,-15.482459217E-03
-12.375000E-06,-15.482459217E-03
-12.372500E-06,-13.522660271E-03
-12.370000E-06,+195.933506E-06
-12.367500E-06,+195.933506E-06
-12.365000E-06,-15.482459217E-03
-12.362500E-06,-15.482459217E-03
-12.360000E-06,-1.763865440E-03
-12.357500E-06,-15.482459217E-03
-12.355000E-06,-15.482459217E-03
-12.352500E-06,-15.482459217E-03
-12.350000E-06,-15.482459217E-03
-12.347500E-06,-15.482459217E-03
-12.345000E-06,-15.482459217E-03
-12.342500E-06,-15.482459217E-03
-12.340000E-06,-29.201052994E-03
-12.337500E-06,-15.482459217E-03
-12.335000E-06,-15.482459217E-03
-12.332500E-06,-17.442258163E-03
-12.330000E-06,-15.482459217E-03
-12.327500E-06,-15.482459217E-03
-12.325000E-06,-15.482459217E-03
-12.322500E-06,-15.482459217E-03
-12.320000E-06,-15.482459217E-03
-12.317500E-06,-15.482459217E-03
-12.315000E-06,-15.482459217E-03
-12.312500E-06,-15.482459217E-03
-12.310000E-06,-15.482459217E-03
-12.307500E-06,+195.933506E-06
-12.305000E-06,-15.482459217E-03
-12.302500E-06,-15.482459217E-03
-12.300000E-06,-15.482459217E-03
-12.297500E-06,-15.482459217E-03
-12.295000E-06,-15.482459217E-03
-12.292500E-06,-31.160851941E-03
-12.290000E-06,-15.482459217E-03
-12.287500E-06,+195.933506E-06
-12.285000E-06,-15.482459217E-03
-12.282500E-06,-15.482459217E-03
-12.280000E-06,-15.482459217E-03
-12.277500E-06,-15.482459217E-03
-12.275000E-06,-15.482459217E-03
-12.272500E-06,-15.482459217E-03
-12.270000E-06,-15.482459217E-03
-12.267500E-06,-15.482459217E-03
-12.265000E-06,+195.933506E-06
-12.262500E-06,-15.482459217E-03
-12.260000E-06,-15.482459217E-03
-12.257500E-06,-15.482459217E-03
-12.255000E-06,-15.482459217E-03
-12.252500E-06,-15.482459217E-03
-12.250000E-06,-15.482459217E-03
-12.247500E-06,-15.482459217E-03
-12.245000E-06,-15.482459217E-03
-12.242500E-06,-15.482459217E-03
-12.240000E-06,-15.482459217E-03
-12.237500E-06,-15.482459217E-03
-12.235000E-06,-15.482459217E-03
-12.232500E-06,-15.482459217E-03
-12.230000E-06,-15.482459217E-03
-12.227500E-06,-15.482459217E-03
-12.225000E-06,-15.482459217E-03
-12.222500E-06,-15.482459217E-03
-12.220000E-06,-15.482459217E-03
-12.217500E-06,-15.482459217E-03
-12.215000E-06,-15.482459217E-03
-12.212500E-06,-15.482459217E-03
-12.210000E-06,-15.482459217E-03
-12.207500E-06,-15.482459217E-03
-12.205000E-06,-15.482459217E-03
-12.202500E-06,-15.482459217E-03
-12.200000E-06,-15.482459217E-03
-12.197500E-06,-15.482459217E-03
-12.195000E-06,-15.482459217E-03
-12.192500E-06,-15.482459217E-03
-12.190000E-06,-15.482459217E-03
-12.187500E-06,-15.482459217E-03
-12.185000E-06,-15.482459217E-03
-12.182500E-06,-15.482459217E-03
-12.180000E-06,-15.482459217E-03
-12.177500E-06,-15.482459217E-03
-12.175000E-06,-15.482459217E-03
-12.172500E-06,-15.482459217E-03
-12.170000E-06,-15.482459217E-03
-12.167500E-06,-15.482459217E-03
-12.165000E-06,-15.482459217E-03
-12.162500E-06,-15.482459217E-03
-12.160000E-06,-15.482459217E-03
-12.157500E-06,-15.482459217E-03
-12.155000E-06,-15.482459217E-03
-12.152500E-06,-15.482459217E-03
-12.150000E-06,-15.482459217E-03
-12.147500E-06,-15.482459217E-03
-12.145000E-06,-15.482459217E-03
-12.142500E-06,-15.482459217E-03
-12.140000E-06,-15.482459217E-03
-12.137500E-06,-17.442258164E-03
-12.135000E-06,-15.482459217E-03
-12.132500E-06,-15.482459217E-03
-12.130000E-06,-15.482459217E-03
-12.127500E-06,-15.482459217E-03
-12.125000E-06,-15.482459217E-03
-12.122500E-06,-15.482459217E-03
-12.120000E-06,+195.933506E-06
-12.117500E-06,-15.482459217E-03
-12.115000E-06,-15.482459217E-03
-12.112500E-06,-15.482459217E-03
-12.110000E-06,-15.482459217E-03
-12.107500E-06,-15.482459217E-03
-12.105000E-06,-15.482459217E-03
-12.102500E-06,-15.482459217E-03
-12.100000E-06,-15.482459217E-03
-12.097500E-06,-15.482459217E-03
-12.095000E-06,-15.482459217E-03
-12.092500E-06,-15.482459217E-03
-12.090000E-06,-15.482459217E-03
-12.087500E-06,-15.482459217E-03
-12.085000E-06,-15.482459217E-03
-12.082500E-06,-15.482459217E-03
-12.080000E-06,+195.933506E-06
-12.077500E-06,-15.482459217E-03
-12.075000E-06,-15.482459217E-03
-12.072500E-06,-15.482459217E-03
-12.070000E-06,-15.482459217E-03
-12.067500E-06,-15.482459217E-03
-12.065000E-06,-15.482459217E-03
-12.062500E-06,-15.482459217E-03
-12.060000E-06,-15.482459217E-03
-12.057500E-06,-15.482459217E-03
-12.055000E-06,-17.442258165E-03
-12.052500E-06,-15.482459217E-03
-12.050000E-06,-13.522660270E-03
-12.047500E-06,+195.933506E-06
-12.045000E-06,-15.482459217E-03
-12.042500E-06,-15.482459217E-03
-12.040000E-06,-15.482459217E-03
-12.037500E-06,+195.933506E-06
-12.035000E-06,-15.482459217E-03
-12.032500E-06,-15.482459217E-03
-12.030000E-06,-15.482459217E-03
-12.027500E-06,-15.482459217E-03
-12.025000E-06,-15.482459217E-03
-12.022500E-06,-15.482459217E-03
-12.020000E-06,-15.482459217E-03
-12.017500E-06,-15.482459217E-03
-12.015000E-06,-15.482459217E-03
-12.012500E-06,-15.482459217E-03
-12.010000E-06,-15.482459217E-03
-12.007500E-06,-15.482459217E-03
-12.005000E-06,-15.482459217E-03
-12.002500E-06,-15.482459217E-03
-12.000000E-06,-15.482459217E-03
-11.997500E-06,-15.482459217E-03
-11.995000E-06,-15.482459217E-03
-11.992500E-06,-15.482459217E-03
-11.990000E-06,-15.482459217E-03
-11.987500E-06,-15.482459217E-03
-11.985000E-06,-15.482459217E-03
-11.982500E-06,-15.482459217E-03
-11.980000E-06,-15.482459217E-03
-11.977500E-06,-15.482459217E-03
-11.975000E-06,-15.482459217E-03
-11.972500E-06,-15.482459217E-03
-11.970000E-06,-15.482459217E-03
-11.967500E-06,-15.482459217E-03
-11.965000E-06,-15.482459217E-03
-11.962500E-06,-15.482459217E-03
-11.960000E-06,-15.482459217E-03
-11.957500E-06,-15.482459217E-03
-11.955000E-06,-15.482459217E-03
-11.952500E-06,-15.482459217E-03
-11.950000E-06,-15.482459217E-03
-11.947500E-06,-15.482459217E-03
-11.945000E-06,-15.482459217E-03
-11.942500E-06,-15.482459217E-03
-11.940000E-06,-15.482459217E-03
-11.937500E-06,-15.482459217E-03
-11.935000E-06,-15.482459217E-03
-11.932500E-06,+195.933506E-06
-11.930000E-06,-15.482459217E-03
-11.927500E-06,-15.482459217E-03
-11.925000E-06,-15.482459217E-03
-11.922500E-06,-13.522660269E-03
-11.920000E-06,+195.933506E-06
-11.917500E-06,-15.482459217E-03
-11.915000E-06,-15.482459217E-03
-11.912500E-06,-15.482459217E-03
-11.910000E-06,-15.482459217E-03
-11.907500E-06,-15.482459217E-03
-11.905000E-06,-15.482459217E-03
-11.902500E-06,-15.482459217E-03
-11.900000E-06,-15.482459217E-03
-11.897500E-06,-17.442258166E-03
-11.895000E-06,-15.482459217E-03
-11.892500E-06,-15.482459217E-03
-11.890000E-06,-15.482459217E-03
-11.887500E-06,-31.160851941E-03
-11.885000E-06,-15.482459217E-03
-11.882500E-06,+195.933506E-06
-11.880000E-06,+195.933506E-06
-11.877500E-06,-15.482459217E-03
-11.875000E-06,-15.482459217E-03
-11.872500E-06,-15.482459217E-03
-11.870000E-06,+195.933506E-06
-11.867500E-06,-15.482459217E-03
-11.865000E-06,-15.482459217E-03
-11.862500E-06,-15.482459217E-03
-11.860000E-06,-15.482459217E-03
-11.857500E-06,-15.482459217E-03
-11.855000E-06,-15.482459217E-03
-11.852500E-06,-29.201052992E-03
-11.850000E-06,-15.482459217E-03
-11.847500E-06,-15.482459217E-03
-11.845000E-06,-15.482459217E-03
-11.842500E-06,-15.482459217E-03
-11.840000E-06,-15.482459217E-03
-11.837500E-06,-15.482459217E-03
-11.835000E-06,-15.482459217E-03
-11.832500E-06,-15.482459217E-03
-11.830000E-06,-15.482459217E-03
-11.827500E-06,-15.482459217E-03
-11.825000E-06,-15.482459217E-03
-11.822500E-06,-15.482459217E-03
-11.820000E-06,-15.482459217E-03
-11.817500E-06,-15.482459217E-03
-11.815000E-06,-15.482459217E-03
-11.812500E-06,-15.482459217E-03
-11.810000E-06,-29.201052992E-03
-11.807500E-06,-15.482459217E-03
-11.805000E-06,-15.482459217E-03
-11.802500E-06,-15.482459217E-03
-11.800000E-06,-15.482459217E-03
-11.797500E-06,-15.482459217E-03
-11.795000E-06,-15.482459217E-03
-11.792500E-06,-15.482459217E-03
-11.790000E-06,-31.160851941E-03
-11.787500E-06,-31.160851941E-03
-11.785000E-06,-15.482459217E-03
-11.782500E-06,-15.482459217E-03
-11.780000E-06,-15.482459217E-03
-11.777500E-06,-15.482459217E-03
-11.775000E-06,-15.482459217E-03
-11.772500E-06,-15.482459217E-03
-11.770000E-06,-15.482459217E-03
-11.767500E-06,-15.482459217E-03
-11.765000E-06,-15.482459217E-03
-11.762500E-06,-15.482459217E-03
-11.760000E-06,-15.482459217E-03
-11.757500E-06,-15.482459217E-03
-11.755000E-06,-31.160851941E-03
-11.752500E-06,-31.160851941E-03
-11.750000E-06,-15.482459217E-03
-11.747500E-06,-15.482459217E-03
-11.745000E-06,-15.482459217E-03
-11.742500E-06,-15.482459217E-03
-11.740000E-06,-15.482459217E-03
-11.737500E-06,-15.482459217E-03
-11.735000E-06,-15.482459217E-03
-11.732500E-06,-15.482459217E-03
-11.730000E-06,-13.522660268E-03
-11.727500E-06,+195.933506E-06
-11.725000E-06,-15.482459217E-03
-11.722500E-06,-15.482459217E-03
-11.720000E-06,-15.482459217E-03
-11.717500E-06,-15.482459217E-03
-11.715000E-06,-15.482459217E-03
-11.712500E-06,-15.482459217E-03
-11.710000E-06,-15.482459217E-03
-11.707500E-06,+195.933506E-06
-11.705000E-06,+195.933506E-06
-11.702500E-06,+195.933506E-06
-11.700000E-06,-15.482459217E-03
-11.697500E-06,-15.482459217E-03
-11.695000E-06,-15.482459217E-03
-11.692500E-06,-15.482459217E-03
-11.690000E-06,-15.482459217E-03
-11.687500E-06,-15.482459217E-03
-11.685000E-06,-15.482459217E-03
-11.682500E-06,-15.482459217E-03
-11.680000E-06,-15.482459217E-03
-11.677500E-06,-15.482459217E-03
-11.675000E-06,-15.482459217E-03
-11.672500E-06,-15.482459217E-03
-11.670000E-06,-15.482459217E-03
-11.667500E-06,-15.482459217E-03
-11.665000E-06,-15.482459217E-03
-11.662500E-06,-15.482459217E-03
-11.660000E-06,-15.482459217E-03
-11.657500E-06,-15.482459217E-03
-11.655000E-06,-15.482459217E-03
-11.652500E-06,-15.482459217E-03
-11.650000E-06,-15.482459217E-03
-11.647500E-06,-15.482459217E-03
-11.645000E-06,-15.482459217E-03
-11.642500E-06,-15.482459217E-03
-11.640000E-06,-15.482459217E-03
-11.637500E-06,-15.482459217E-03
-11.635000E-06,-15.482459217E-03
-11.632500E-06,-15.482459217E-03
-11.630000E-06,-15.482459217E-03
-11.627500E-06,-15.482459217E-03
-11.625000E-06,-15.482459217E-03
-11.622500E-06,-15.482459217E-03
-11.620000E-06,-15.482459217E-03
-11.617500E-06,-15.482459217E-03
-11.615000E-06,-15.482459217E-03
-11.612500E-06,-15.482459217E-03
-11.610000E-06,-15.482459217E-03
-11.607500E-06,-15.482459217E-03
-11.605000E-06,-15.482459217E-03
-11.602500E-06,-15.482459217E-03
-11.600000E-06,-15.482459217E-03
-11.597500E-06,-17.442258167E-03
-11.595000E-06,-15.482459217E-03
-11.592500E-06,-15.482459217E-03
-11.590000E-06,-15.482459217E-03
-11.587500E-06,-15.482459217E-03
-11.585000E-06,-15.482459217E-03
-11.582500E-06,-15.482459217E-03
-11.580000E-06,-15.482459217E-03
-11.577500E-06,-15.482459217E-03
-11.575000E-06,-15.482459217E-03
-11.572500E-06,-15.482459217E-03
-11.570000E-06,-15.482459217E-03
-11.567500E-06,-15.482459217E-03
-11.565000E-06,-15.482459217E-03
-11.562500E-06,-15.482459217E-03
-11.560000E-06,-15.482459217E-03
-11.557500E-06,-15.482459217E-03
-11.555000E-06,-15.482459217E-03
-11.552500E-06,-13.522660267E-03
-11.550000E-06,+195.933506E-06
-11.547500E-06,-15.482459217E-03
-11.545000E-06,-15.482459217E-03
-11.542500E-06,-15.482459217E-03
-11.540000E-06,-15.482459217E-03
-11.537500E-06,-15.482459217E-03
-11.535000E-06,-15.482459217E-03
-11.532500E-06,-15.482459217E-03
-11.530000E-06,-15.482459217E-03
-11.527500E-06,-15.482459217E-03
-11.525000E-06,-15.482459217E-03
-11.522500E-06,-15.482459217E-03
-11.520000E-06,-15.482459217E-03
-11.517500E-06,+195.933506E-06
-11.515000E-06,-1.763865444E-03
-11.512500E-06,-15.482459217E-03
-11.510000E-06,-15.482459217E-03
-11.507500E-06,-15.482459217E-03
-11.505000E-06,-15.482459217E-03
-11.502500E-06,-15.482459217E-03
-11.500000E-06,-15.482459217E-03
-11.497500E-06,-15.482459217E-03
-11.495000E-06,-15.482459217E-03
-11.492500E-06,-15.482459217E-03
-11.490000E-06,-15.482459217E-03
-11.487500E-06,-15.482459217E-03
-11.485000E-06,-15.482459217E-03
-11.482500E-06,-15.482459217E-03
-11.480000E-06,-15.482459217E-03
-11.477500E-06,-15.482459217E-03
-11.475000E-06,-15.482459217E-03
-11.472500E-06,-15.482459217E-03
-11.470000E-06,-15.482459217E-03
-11.467500E-06,-15.482459217E-03
-11.465000E-06,+195.933506E-06
-11.462500E-06,-15.482459217E-03
-11.460000E-06,-15.482459217E-03
-11.457500E-06,-15.482459217E-03
-11.455000E-06,-15.482459217E-03
-11.452500E-06,-15.482459217E-03
-11.450000E-06,-31.160851941E-03
-11.447500E-06,-31.160851941E-03
-11.445000E-06,-31.160851941E-03
-11.442500E-06,-15.482459217E-03
-11.440000E-06,-15.482459217E-03
-11.437500E-06,-15.482459217E-03
-11.435000E-06,-15.482459217E-03
-11.432500E-06,-15.482459217E-03
-11.430000E-06,-15.482459217E-03
-11.427500E-06,-15.482459217E-03
-11.425000E-06,-15.482459217E-03
-11.422500E-06,-15.482459217E-03
-11.420000E-06,-15.482459217E-03
-11.417500E-06,-15.482459217E-03
-11.415000E-06,-15.482459217E-03
-11.412500E-06,-15.482459217E-03
-11.410000E-06,-15.482459217E-03
-11.407500E-06,-15.482459217E-03
-11.405000E-06,-15.482459217E-03
-11.402500E-06,-15.482459217E-03
-11.400000E-06,-15.482459217E-03
-11.397500E-06,-15.482459217E-03
-11.395000E-06,-15.482459217E-03
-11.392500E-06,-15.482459217E-03
-11.390000E-06,-15.482459217E-03
-11.387500E-06,-15.482459217E-03
-11.385000E-06,+195.933506E-06
-11.382500E-06,-15.482459217E-03
-11.380000E-06,-15.482459217E-03
-11.377500E-06,-15.482459217E-03
-11.375000E-06,-15.482459217E-03
-11.372500E-06,-15.482459217E-03
-11.370000E-06,-15.482459217E-03
-11.367500E-06,-15.482459217E-03
-11.365000E-06,-15.482459217E-03
-11.362500E-06,-15.482459217E-03
-11.360000E-06,-15.482459217E-03
-11.357500E-06,-15.482459217E-03
-11.355000E-06,-15.482459217E-03
-11.352500E-06,-15.482459217E-03
-11.350000E-06,-15.482459217E-03
-11.347500E-06,-15.482459217E-03
-11.345000E-06,-15.482459217E-03
-11.342500E-06,-13.522660266E-03
-11.340000E-06,-1.763865445E-03
-11.337500E-06,-15.482459217E-03
-11.335000E-06,-15.482459217E-03
-11.332500E-06,-15.482459217E-03
-11.330000E-06,-15.482459217E-03
-11.327500E-06,-15.482459217E-03
-11.325000E-06,-15.482459217E-03
-11.322500E-06,-15.482459217E-03
-11.320000E-06,-15.482459217E-03
-11.317500E-06,-31.160851941E-03
-11.315000E-06,-31.160851941E-03
-11.312500E-06,-15.482459217E-03
-11.310000E-06,-15.482459217E-03
-11.307500E-06,-15.482459217E-03
-11.305000E-06,-15.482459217E-03
-11.302500E-06,-13.522660266E-03
-11.300000E-06,+195.933506E-06
-11.297500E-06,-15.482459217E-03
-11.295000E-06,-15.482459217E-03
-11.292500E-06,-15.482459217E-03
-11.290000E-06,-15.482459217E-03
-11.287500E-06,-15.482459217E-03
-11.285000E-06,-31.160851941E-03
-11.282500E-06,-15.482459217E-03
-11.280000E-06,-15.482459217E-03
-11.277500E-06,-15.482459217E-03
-11.275000E-06,-15.482459217E-03
-11.272500E-06,+195.933506E-06
-11.270000E-06,-1.763865446E-03
-11.267500E-06,-15.482459217E-03
-11.265000E-06,-15.482459217E-03
-11.262500E-06,-15.482459217E-03
-11.260000E-06,-15.482459217E-03
-11.257500E-06,-15.482459217E-03
-11.255000E-06,-15.482459217E-03
-11.252500E-06,-15.482459217E-03
-11.250000E-06,-15.482459217E-03
-11.247500E-06,-15.482459217E-03
-11.245000E-06,-15.482459217E-03
-11.242500E-06,-15.482459217E-03
-11.240000E-06,-15.482459217E-03
-11.237500E-06,-15.482459217E-03
-11.235000E-06,-1.763865446E-03
-11.232500E-06,-15.482459217E-03
-11.230000E-06,-15.482459217E-03
-11.227500E-06,-15.482459217E-03
-11.225000E-06,-15.482459217E-03
-11.222500E-06,-15.482459217E-03
-11.220000E-06,-31.160851941E-03
-11.217500E-06,-15.482459217E-03
-11.215000E-06,-15.482459217E-03
-11.212500E-06,-15.482459217E-03
-11.210000E-06,-29.201052989E-03
-11.207500E-06,-15.482459217E-03
-11.205000E-06,-15.482459217E-03
-11.202500E-06,-15.482459217E-03
-11.200000E-06,-15.482459217E-03
-11.197500E-06,-15.482459217E-03
-11.195000E-06,-15.482459217E-03
-11.192500E-06,-15.482459217E-03
-11.190000E-06,-31.160851941E-03
-11.187500E-06,-15.482459217E-03
-11.185000E-06,-15.482459217E-03
-11.182500E-06,-15.482459217E-03
-11.180000E-06,-29.201052989E-03
-11.177500E-06,-15.482459217E-03
-11.175000E-06,-15.482459217E-03
-11.172500E-06,-15.482459217E-03
-11.170000E-06,-15.482459217E-03
-11.167500E-06,-15.482459217E-03
-11.165000E-06,-15.482459217E-03
-11.162500E-06,-15.482459217E-03
-11.160000E-06,-15.482459217E-03
-11.157500E-06,-15.482459217E-03
-11.155000E-06,-15.482459217E-03
-11.152500E-06,-15.482459217E-03
-11.150000E-06,-15.482459217E-03
-11.147500E-06,-15.482459217E-03
-11.145000E-06,+195.933506E-06
-11.142500E-06,-15.482459217E-03
-11.140000E-06,-15.482459217E-03
-11.137500E-06,+195.933506E-06
-11.135000E-06,-1.763865446E-03
-11.132500E-06,-15.482459217E-03
-11.130000E-06,-15.482459217E-03
-11.127500E-06,-15.482459217E-03
-11.125000E-06,-15.482459217E-03
-11.122500E-06,-15.482459217E-03
-11.120000E-06,-15.482459217E-03
-11.117500E-06,-15.482459217E-03
-11.115000E-06,-15.482459217E-03
-11.112500E-06,-29.201052988E-03
-11.110000E-06,-15.482459217E-03
-11.107500E-06,-15.482459217E-03
-11.105000E-06,-15.482459217E-03
-11.102500E-06,-15.482459217E-03
-11.100000E-06,-15.482459217E-03
-11.097500E-06,-15.482459217E-03
-11.095000E-06,-15.482459217E-03
-11.092500E-06,-15.482459217E-03
-11.090000E-06,-15.482459217E-03
-11.087500E-06,-1.763865446E-03
-11.085000E-06,-15.482459217E-03
-11.082500E-06,-15.482459217E-03
-11.080000E-06,-15.482459217E-03
-11.077500E-06,-15.482459217E-03
-11.075000E-06,-31.160851941E-03
-11.072500E-06,-29.201052988E-03
-11.070000E-06,-13.522660265E-03
-11.067500E-06,+195.933506E-06
-11.065000E-06,-15.482459217E-03
-11.062500E-06,-15.482459217E-03
-11.060000E-06,-15.482459217E-03
-11.057500E-06,-15.482459217E-03
-11.055000E-06,-15.482459217E-03
-11.052500E-06,-15.482459217E-03
-11.050000E-06,-15.482459217E-03
-11.047500E-06,-15.482459217E-03
-11.045000E-06,-15.482459217E-03
-11.042500E-06,-15.482459217E-03
-11.040000E-06,-15.482459217E-03
-11.037500E-06,-15.482459217E-03
-11.035000E-06,-15.482459217E-03
-11.032500E-06,-15.482459217E-03
-11.030000E-06,-15.482459217E-03
-11.027500E-06,-15.482459217E-03
-11.025000E-06,-15.482459217E-03
-11.022500E-06,-15.482459217E-03
-11.020000E-06,+195.933506E-06
-11.017500E-06,-15.482459217E-03
-11.015000E-06,-15.482459217E-03
-11.012500E-06,-15.482459217E-03
-11.010000E-06,-13.522660265E-03
-11.007500E-06,+195.933506E-06
-11.005000E-06,-15.482459217E-03
-11.002500E-06,-15.482459217E-03
-11.000000E-06,+195.933506E-06
-10.997500E-06,+195.933506E-06
-10.995000E-06,-15.482459217E-03
-10.992500E-06,-15.482459217E-03
-10.990000E-06,+195.933506E-06
-10.987500E-06,+195.933506E-06
-10.985000E-06,-15.482459217E-03
-10.982500E-06,-15.482459217E-03
-10.980000E-06,-15.482459217E-03
-10.977500E-06,-15.482459217E-03
-10.975000E-06,-15.482459217E-03
-10.972500E-06,-15.482459217E-03
-10.970000E-06,-15.482459217E-03
-10.967500E-06,-1.763865447E-03
-10.965000E-06,-15.482459217E-03
-10.962500E-06,-15.482459217E-03
-10.960000E-06,-15.482459217E-03
-10.957500E-06,-15.482459217E-03
-10.955000E-06,-15.482459217E-03
-10.952500E-06,-15.482459217E-03
-10.950000E-06,-15.482459217E-03
-10.947500E-06,-15.482459217E-03
-10.945000E-06,-15.482459217E-03
-10.942500E-06,-15.482459217E-03
-10.940000E-06,-15.482459217E-03
-10.937500E-06,-15.482459217E-03
-10.935000E-06,-15.482459217E-03
-10.932500E-06,-15.482459217E-03
-10.930000E-06,-15.482459217E-03
-10.927500E-06,-15.482459217E-03
-10.925000E-06,-15.482459217E-03
-10.922500E-06,-15.482459217E-03
-10.920000E-06,-17.442258171E-03
-10.917500E-06,-15.482459217E-03
-10.915000E-06,-15.482459217E-03
-10.912500E-06,+195.933506E-06
-10.910000E-06,-15.482459217E-03
-10.907500E-06,-15.482459217E-03
-10.905000E-06,-15.482459217E-03
-10.902500E-06,-15.482459217E-03
-10.900000E-06,-15.482459217E-03
-10.897500E-06,-15.482459217E-03
-10.895000E-06,-15.482459217E-03
-10.892500E-06,-15.482459217E-03
-10.890000E-06,-15.482459217E-03
-10.887500E-06,-31.160851941E-03
-10.885000E-06,-15.482459217E-03
-10.882500E-06,-15.482459217E-03
-10.880000E-06,-15.482459217E-03
-10.877500E-06,-17.442258171E-03
-10.875000E-06,-15.482459217E-03
-10.872500E-06,-15.482459217E-03
-10.870000E-06,-1.763865448E-03
-10.867500E-06,-15.482459217E-03
-10.865000E-06,-15.482459217E-03
-10.862500E-06,-15.482459217E-03
-10.860000E-06,-15.482459217E-03
-10.857500E-06,-31.160851941E-03
-10.855000E-06,-15.482459217E-03
-10.852500E-06,-13.522660264E-03
-10.850000E-06,-15.482459217E-03
-10.847500E-06,-15.482459217E-03
-10.845000E-06,-15.482459217E-03
-10.842500E-06,-15.482459217E-03
-10.840000E-06,-15.482459217E-03
-10.837500E-06,-15.482459217E-03
-10.835000E-06,-15.482459217E-03
-10.832500E-06,+195.933506E-06
-10.830000E-06,-15.482459217E-03
-10.827500E-06,-15.482459217E-03
-10.825000E-06,-15.482459217E-03
-10.822500E-06,-15.482459217E-03
-10.820000E-06,-15.482459217E-03
-10.817500E-06,-15.482459217E-03
-10.815000E-06,-15.482459217E-03
-10.812500E-06,-15.482459217E-03
-10.810000E-06,-15.482459217E-03
-10.807500E-06,-15.482459217E-03
-10.805000E-06,-15.482459217E-03
-10.802500E-06,-15.482459217E-03
-10.800000E-06,-15.482459217E-03
-10.797500E-06,-15.482459217E-03
-10.795000E-06,-15.482459217E-03
-10.792500E-06,-15.482459217E-03
-10.790000E-06,-15.482459217E-03
-10.787500E-06,-15.482459217E-03
-10.785000E-06,-15.482459217E-03
-10.782500E-06,-31.160851941E-03
-10.780000E-06,-15.482459217E-03
-10.777500E-06,-15.482459217E-03
-10.775000E-06,-15.482459217E-03
-10.772500E-06,-15.482459217E-03
-10.770000E-06,-15.482459217E-03
-10.767500E-06,-15.482459217E-03
-10.765000E-06,-15.482459217E-03
-10.762500E-06,-15.482459217E-03
-10.760000E-06,-15.482459217E-03
-10.757500E-06,-15.482459217E-03
-10.755000E-06,-15.482459217E-03
-10.752500E-06,-15.482459217E-03
-10.750000E-06,-15.482459217E-03
-10.747500E-06,-15.482459217E-03
-10.745000E-06,-15.482459217E-03
-10.742500E-06,-15.482459217E-03
-10.740000E-06,-15.482459217E-03
-10.737500E-06,-15.482459217E-03
-10.735000E-06,-15.482459217E-03
-10.732500E-06,-15.482459217E-03
-10.730000E-06,-15.482459217E-03
-10.727500E-06,-15.482459217E-03
-10.725000E-06,-15.482459217E-03
-10.722500E-06,-15.482459217E-03
-10.720000E-06,-15.482459217E-03
-10.717500E-06,-15.482459217E-03
-10.715000E-06,-15.482459217E-03
-10.712500E-06,-15.482459217E-03
-10.710000E-06,-15.482459217E-03
-10.707500E-06,-15.482459217E-03
-10.705000E-06,-15.482459217E-03
-10.702500E-06,-15.482459217E-03
-10.700000E-06,-15.482459217E-03
-10.697500E-06,-15.482459217E-03
-10.695000E-06,-15.482459217E-03
-10.692500E-06,-15.482459217E-03
-10.690000E-06,-15.482459217E-03
-10.687500E-06,-15.482459217E-03
-10.685000E-06,-15.482459217E-03
-10.682500E-06,-15.482459217E-03
-10.680000E-06,-15.482459217E-03
-10.677500E-06,-15.482459217E-03
-10.675000E-06,-15.482459217E-03
-10.672500E-06,+195.933506E-06
-10.670000E-06,+195.933506E-06
-10.667500E-06,-15.482459217E-03
-10.665000E-06,-1.763865449E-03
-10.662500E-06,-15.482459217E-03
-10.660000E-06,-15.482459217E-03
-10.657500E-06,-15.482459217E-03
-10.655000E-06,-15.482459217E-03
-10.652500E-06,-15.482459217E-03
-10.650000E-06,-15.482459217E-03
-10.647500E-06,-15.482459217E-03
-10.645000E-06,-15.482459217E-03
-10.642500E-06,-15.482459217E-03
-10.640000E-06,-15.482459217E-03
-10.637500E-06,-15.482459217E-03
-10.635000E-06,-15.482459217E-03
-10.632500E-06,-15.482459217E-03
-10.630000E-06,-15.482459217E-03
-10.627500E-06,-15.482459217E-03
-10.625000E-06,-15.482459217E-03
-10.622500E-06,-15.482459217E-03
-10.620000E-06,-15.482459217E-03
-10.617500E-06,-15.482459217E-03
-10.615000E-06,-15.482459217E-03
-10.612500E-06,-15.482459217E-03
-10.610000E-06,-15.482459217E-03
-10.607500E-06,-15.482459217E-03
-10.605000E-06,-15.482459217E-03
-10.602500E-06,-15.482459217E-03
-10.600000E-06,-15.482459217E-03
-10.597500E-06,-15.482459217E-03
-10.595000E-06,-15.482459217E-03
-10.592500E-06,-15.482459217E-03
-10.590000E-06,-15.482459217E-03
-10.587500E-06,-31.160851941E-03
-10.585000E-06,-29.201052986E-03
-10.582500E-06,-15.482459217E-03
-10.580000E-06,-15.482459217E-03
-10.577500E-06,-15.482459217E-03
-10.575000E-06,-15.482459217E-03
-10.572500E-06,-15.482459217E-03
-10.570000E-06,-15.482459217E-03
-10.567500E-06,-15.482459217E-03
-10.565000E-06,-15.482459217E-03
-10.562500E-06,-15.482459217E-03
-10.560000E-06,-15.482459217E-03
-10.557500E-06,-15.482459217E-03
-10.555000E-06,-15.482459217E-03
-10.552500E-06,-15.482459217E-03
-10.550000E-06,-1.763865449E-03
-10.547500E-06,-15.482459217E-03
-10.545000E-06,-15.482459217E-03
-10.542500E-06,-15.482459217E-03
-10.540000E-06,-13.522660262E-03
-10.537500E-06,+195.933506E-06
-10.535000E-06,-15.482459217E-03
-10.532500E-06,-15.482459217E-03
-10.530000E-06,-15.482459217E-03
-10.527500E-06,-1.763865449E-03
-10.525000E-06,-15.482459217E-03
-10.522500E-06,-15.482459217E-03
-10.520000E-06,-15.482459217E-03
-10.517500E-06,-15.482459217E-03
-10.515000E-06,-15.482459217E-03
-10.512500E-06,-15.482459217E-03
-10.510000E-06,-15.482459217E-03
-10.507500E-06,-15.482459217E-03
-10.505000E-06,+195.933506E-06
-10.502500E-06,+195.933506E-06
-10.500000E-06,+195.933506E-06
-10.497500E-06,-15.482459217E-03
-10.495000E-06,+195.933506E-06
-10.492500E-06,+195.933506E-06
-10.490000E-06,-15.482459217E-03
-10.487500E-06,-15.482459217E-03
-10.485000E-06,-15.482459217E-03
-10.482500E-06,-15.482459217E-03
-10.480000E-06,-15.482459217E-03
-10.477500E-06,-15.482459217E-03
-10.475000E-06,-15.482459217E-03
-10.472500E-06,-13.522660262E-03
-10.470000E-06,-1.763865450E-03
-10.467500E-06,-15.482459217E-03
-10.465000E-06,-15.482459217E-03
-10.462500E-06,-15.482459217E-03
-10.460000E-06,-15.482459217E-03
-10.457500E-06,-15.482459217E-03
-10.455000E-06,-15.482459217E-03
-10.452500E-06,-15.482459217E-03
-10.450000E-06,-15.482459217E-03
-10.447500E-06,-15.482459217E-03
-10.445000E-06,-15.482459217E-03
-10.442500E-06,-15.482459217E-03
-10.440000E-06,-15.482459217E-03
-10.437500E-06,-15.482459217E-03
-10.435000E-06,-15.482459217E-03
-10.432500E-06,-15.482459217E-03
-10.430000E-06,-15.482459217E-03
-10.427500E-06,-15.482459217E-03
-10.425000E-06,-15.482459217E-03
-10.422500E-06,-15.482459217E-03
-10.420000E-06,-15.482459217E-03
-10.417500E-06,-15.482459217E-03
-10.415000E-06,+195.933506E-06
-10.412500E-06,-15.482459217E-03
-10.410000E-06,-15.482459217E-03
-10.407500E-06,-15.482459217E-03
-10.405000E-06,-15.482459217E-03
-10.402500E-06,-15.482459217E-03
-10.400000E-06,-15.482459217E-03
-10.397500E-06,-15.482459217E-03
-10.395000E-06,-15.482459217E-03
-10.392500E-06,-15.482459217E-03
-10.390000E-06,-31.160851941E-03
-10.387500E-06,-29.201052985E-03
-10.385000E-06,-15.482459217E-03
-10.382500E-06,-15.482459217E-03
-10.380000E-06,-15.482459217E-03
-10.377500E-06,-15.482459217E-03
-10.375000E-06,-15.482459217E-03
-10.372500E-06,-15.482459217E-03
-10.370000E-06,-15.482459217E-03
-10.367500E-06,-15.482459217E-03
-10.365000E-06,-15.482459217E-03
-10.362500E-06,-15.482459217E-03
-10.360000E-06,-15.482459217E-03
-10.357500E-06,-15.482459217E-03
-10.355000E-06,-15.482459217E-03
-10.352500E-06,-15.482459217E-03
-10.350000E-06,-15.482459217E-03
-10.347500E-06,-15.482459217E-03
-10.345000E-06,-15.482459217E-03
-10.342500E-06,-15.482459217E-03
-10.340000E-06,-15.482459217E-03
-10.337500E-06,-15.482459217E-03
-10.335000E-06,-15.482459217E-03
-10.332500E-06,-15.482459217E-03
-10.330000E-06,-1.763865450E-03
-10.327500E-06,-15.482459217E-03
-10.325000E-06,-15.482459217E-03
-10.322500E-06,-15.482459217E-03
-10.320000E-06,+195.933506E-06
-10.317500E-06,-15.482459217E-03
-10.315000E-06,-15.482459217E-03
-10.312500E-06,-15.482459217E-03
-10.310000E-06,-15.482459217E-03
-10.307500E-06,-15.482459217E-03
-10.305000E-06,-15.482459217E-03
-10.302500E-06,-15.482459217E-03
-10.300000E-06,-15.482459217E-03
-10.297500E-06,-15.482459217E-03
-10.295000E-06,-15.482459217E-03
-10.292500E-06,-15.482459217E-03
-10.290000E-06,-15.482459217E-03
-10.287500E-06,-15.482459217E-03
-10.285000E-06,-15.482459217E-03
-10.282500E-06,-15.482459217E-03
-10.280000E-06,-15.482459217E-03
-10.277500E-06,-15.482459217E-03
-10.275000E-06,-15.482459217E-03
-10.272500E-06,-15.482459217E-03
-10.270000E-06,-15.482459217E-03
-10.267500E-06,-15.482459217E-03
-10.265000E-06,-15.482459217E-03
-10.262500E-06,-15.482459217E-03
-10.260000E-06,-15.482459217E-03
-10.257500E-06,-15.482459217E-03
-10.255000E-06,-15.482459217E-03
-10.252500E-06,-15.482459217E-03
-10.250000E-06,-15.482459217E-03
-10.247500E-06,-15.482459217E-03
-10.245000E-06,-15.482459217E-03
-10.242500E-06,-15.482459217E-03
-10.240000E-06,-15.482459217E-03
-10.237500E-06,-15.482459217E-03
-10.235000E-06,-15.482459217E-03
-10.232500E-06,-15.482459217E-03
-10.230000E-06,-15.482459217E-03
-10.227500E-06,-15.482459217E-03
-10.225000E-06,-15.482459217E-03
-10.222500E-06,-15.482459217E-03
-10.220000E-06,-15.482459217E-03
-10.217500E-06,-15.482459217E-03
-10.215000E-06,-15.482459217E-03
-10.212500E-06,-15.482459217E-03
-10.210000E-06,-13.522660261E-03
-10.207500E-06,-15.482459217E-03
-10.205000E-06,-15.482459217E-03
-10.202500E-06,-15.482459217E-03
-10.200000E-06,+195.933506E-06
-10.197500E-06,-15.482459217E-03
-10.195000E-06,-31.160851941E-03
-10.192500E-06,-15.482459217E-03
-10.190000E-06,-13.522660260E-03
-10.187500E-06,+195.933506E-06
-10.185000E-06,-15.482459217E-03
-10.182500E-06,-15.482459217E-03
-10.180000E-06,-15.482459217E-03
-10.177500E-06,-15.482459217E-03
-10.175000E-06,-15.482459217E-03
-10.172500E-06,-15.482459217E-03
-10.170000E-06,-15.482459217E-03
-10.167500E-06,-15.482459217E-03
-10.165000E-06,-15.482459217E-03
-10.162500E-06,-29.201052984E-03
-10.160000E-06,-15.482459217E-03
-10.157500E-06,-15.482459217E-03
-10.155000E-06,-15.482459217E-03
-10.152500E-06,-15.482459217E-03
-10.150000E-06,-15.482459217E-03
-10.147500E-06,-15.482459217E-03
-10.145000E-06,-15.482459217E-03
-10.142500E-06,-15.482459217E-03
-10.140000E-06,-15.482459217E-03
-10.137500E-06,-15.482459217E-03
-10.135000E-06,-15.482459217E-03
-10.132500E-06,-15.482459217E-03
-10.130000E-06,-15.482459217E-03
-10.127500E-06,-15.482459217E-03
-10.125000E-06,-15.482459217E-03
-10.122500E-06,-15.482459217E-03
-10.120000E-06,-15.482459217E-03
-10.117500E-06,-15.482459217E-03
-10.115000E-06,-15.482459217E-03
-10.112500E-06,+195.933506E-06
-10.110000E-06,+195.933506E-06
-10.107500E-06,-15.482459217E-03
-10.105000E-06,-15.482459217E-03
-10.102500E-06,+195.933506E-06
-10.100000E-06,-15.482459217E-03
-10.097500E-06,-15.482459217E-03
-10.095000E-06,-15.482459217E-03
-10.092500E-06,-13.522660260E-03
-10.090000E-06,-15.482459217E-03
-10.087500E-06,-15.482459217E-03
-10.085000E-06,-15.482459217E-03
-10.082500E-06,-15.482459217E-03
-10.080000E-06,-15.482459217E-03
-10.077500E-06,-15.482459217E-03
-10.075000E-06,-15.482459217E-03
-10.072500E-06,+195.933506E-06
-10.070000E-06,-1.763865452E-03
-10.067500E-06,-15.482459217E-03
-10.065000E-06,-15.482459217E-03
-10.062500E-06,+195.933506E-06
-10.060000E-06,+195.933506E-06
-10.057500E-06,-15.482459217E-03
-10.055000E-06,-15.482459217E-03
-10.052500E-06,-15.482459217E-03
-10.050000E-06,-15.482459217E-03
-10.047500E-06,-15.482459217E-03
-10.045000E-06,-15.482459217E-03
-10.042500E-06,-15.482459217E-03
-10.040000E-06,-15.482459217E-03
-10.037500E-06,-15.482459217E-03
-10.035000E-06,-15.482459217E-03
-10.032500E-06,-15.482459217E-03
-10.030000E-06,-15.482459217E-03
-10.027500E-06,-15.482459217E-03
-10.025000E-06,-15.482459217E-03
-10.022500E-06,-15.482459217E-03
-10.020000E-06,-15.482459217E-03
-10.017500E-06,-15.482459217E-03
-10.015000E-06,-15.482459217E-03
-10.012500E-06,-15.482459217E-03
-10.010000E-06,-15.482459217E-03
-10.007500E-06,-15.482459217E-03
-10.005000E-06,-15.482459217E-03
-10.002500E-06,-15.482459217E-03
-10.000000E-06,-15.482459217E-03
-9.997500E-06,-15.482459217E-03
-9.995000E-06,-15.482459217E-03
-9.992500E-06,-15.482459217E-03
-9.990000E-06,-15.482459217E-03
-9.987500E-06,-15.482459217E-03
-9.985000E-06,-15.482459217E-03
-9.982500E-06,-15.482459217E-03
-9.980000E-06,-15.482459217E-03
-9.977500E-06,-15.482459217E-03
-9.975000E-06,-15.482459217E-03
-9.972500E-06,-15.482459217E-03
-9.970000E-06,-15.482459217E-03
-9.967500E-06,-15.482459217E-03
-9.965000E-06,+195.933506E-06
-9.962500E-06,-15.482459217E-03
-9.960000E-06,-15.482459217E-03
-9.957500E-06,-15.482459217E-03
-9.955000E-06,-15.482459217E-03
-9.952500E-06,-15.482459217E-03
-9.950000E-06,-15.482459217E-03
-9.947500E-06,-15.482459217E-03
-9.945000E-06,-15.482459217E-03
-9.942500E-06,-15.482459217E-03
-9.940000E-06,-15.482459217E-03
-9.937500E-06,-15.482459217E-03
-9.935000E-06,-15.482459217E-03
-9.932500E-06,-15.482459217E-03
-9.930000E-06,-15.482459217E-03
-9.927500E-06,+195.933506E-06
-9.925000E-06,-15.482459217E-03
-9.922500E-06,-15.482459217E-03
-9.920000E-06,-15.482459217E-03
-9.917500E-06,-15.482459217E-03
-9.915000E-06,-15.482459217E-03
-9.912500E-06,-15.482459217E-03
-9.910000E-06,-15.482459217E-03
-9.907500E-06,-15.482459217E-03
-9.905000E-06,-15.482459217E-03
-9.902500E-06,-15.482459217E-03
-9.900000E-06,+195.933506E-06
-9.897500E-06,+195.933506E-06
-9.895000E-06,-15.482459217E-03
-9.892500E-06,-29.201052982E-03
-9.890000E-06,-15.482459217E-03
-9.887500E-06,-15.482459217E-03
-9.885000E-06,-15.482459217E-03
-9.882500E-06,-15.482459217E-03
-9.880000E-06,-15.482459217E-03
-9.877500E-06,-15.482459217E-03
-9.875000E-06,-15.482459217E-03
-9.872500E-06,-15.482459217E-03
-9.870000E-06,-15.482459217E-03
-9.867500E-06,-15.482459217E-03
-9.865000E-06,-15.482459217E-03
-9.862500E-06,-15.482459217E-03
-9.860000E-06,-31.160851941E-03
-9.857500E-06,-15.482459217E-03
-9.855000E-06,-15.482459217E-03
-9.852500E-06,-15.482459217E-03
-9.850000E-06,-15.482459217E-03
-9.847500E-06,-15.482459217E-03
-9.845000E-06,-15.482459217E-03
-9.842500E-06,-15.482459217E-03
-9.840000E-06,-15.482459217E-03
-9.837500E-06,-15.482459217E-03
-9.835000E-06,+195.933506E-06
-9.832500E-06,-15.482459217E-03
-9.830000E-06,-15.482459217E-03
-9.827500E-06,-15.482459217E-03
-9.825000E-06,-15.482459217E-03
-9.822500E-06,-15.482459217E-03
-9.820000E-06,-15.482459217E-03
-9.817500E-06,-15.482459217E-03
-9.815000E-06,-15.482459217E-03
-9.812500E-06,+195.933506E-06
-9.810000E-06,-15.482459217E-03
-9.807500E-06,-15.482459217E-03
-9.805000E-06,-15.482459217E-03
-9.802500E-06,-13.522660258E-03
-9.800000E-06,-15.482459217E-03
-9.797500E-06,-15.482459217E-03
-9.795000E-06,-15.482459217E-03
-9.792500E-06,-15.482459217E-03
-9.790000E-06,-15.482459217E-03
-9.787500E-06,-31.160851941E-03
-9.785000E-06,-31.160851941E-03
-9.782500E-06,-15.482459217E-03
-9.780000E-06,-15.482459217E-03
-9.777500E-06,-15.482459217E-03
-9.775000E-06,-15.482459217E-03
-9.772500E-06,-15.482459217E-03
-9.770000E-06,-15.482459217E-03
-9.767500E-06,-15.482459217E-03
-9.765000E-06,-15.482459217E-03
-9.762500E-06,-15.482459217E-03
-9.760000E-06,-15.482459217E-03
-9.757500E-06,-15.482459217E-03
-9.755000E-06,-15.482459217E-03
-9.752500E-06,-15.482459217E-03
-9.750000E-06,-15.482459217E-03
-9.747500E-06,-15.482459217E-03
-9.745000E-06,-15.482459217E-03
-9.742500E-06,-15.482459217E-03
-9.740000E-06,-15.482459217E-03
-9.737500E-06,-15.482459217E-03
-9.735000E-06,-15.482459217E-03
-9.732500E-06,-15.482459217E-03
-9.730000E-06,-15.482459217E-03
-9.727500E-06,-15.482459217E-03
-9.725000E-06,-15.482459217E-03
-9.722500E-06,-15.482459217E-03
-9.720000E-06,-15.482459217E-03
-9.717500E-06,-15.482459217E-03
-9.715000E-06,-15.482459217E-03
-9.712500E-06,-15.482459217E-03
-9.710000E-06,-15.482459217E-03
-9.707500E-06,-15.482459217E-03
-9.705000E-06,-15.482459217E-03
-9.702500E-06,-15.482459217E-03
-9.700000E-06,-15.482459217E-03
-9.697500E-06,-15.482459217E-03
-9.695000E-06,-15.482459217E-03
-9.692500E-06,-15.482459217E-03
-9.690000E-06,-15.482459217E-03
-9.687500E-06,-15.482459217E-03
-9.685000E-06,-15.482459217E-03
-9.682500E-06,-15.482459217E-03
-9.680000E-06,-15.482459217E-03
-9.677500E-06,-15.482459217E-03
-9.675000E-06,-15.482459217E-03
-9.672500E-06,-15.482459217E-03
-9.670000E-06,-15.482459217E-03
-9.667500E-06,-1.763865454E-03
-9.665000E-06,-15.482459217E-03
-9.662500E-06,-15.482459217E-03
-9.660000E-06,-13.522660258E-03
-9.657500E-06,-1.763865454E-03
-9.655000E-06,-15.482459217E-03
-9.652500E-06,-31.160851941E-03
-9.650000E-06,-15.482459217E-03
-9.647500E-06,-15.482459217E-03
-9.645000E-06,-15.482459217E-03
-9.642500E-06,-15.482459217E-03
-9.640000E-06,-15.482459217E-03
-9.637500E-06,-15.482459217E-03
-9.635000E-06,-15.482459217E-03
-9.632500E-06,-15.482459217E-03
-9.630000E-06,-15.482459217E-03
-9.627500E-06,-15.482459217E-03
-9.625000E-06,-15.482459217E-03
-9.622500E-06,-15.482459217E-03
-9.620000E-06,-15.482459217E-03
-9.617500E-06,-15.482459217E-03
-9.615000E-06,-15.482459217E-03
-9.612500E-06,-15.482459217E-03
-9.610000E-06,-15.482459217E-03
-9.607500E-06,-15.482459217E-03
-9.605000E-06,-15.482459217E-03
-9.602500E-06,-15.482459217E-03
-9.600000E-06,-15.482459217E-03
-9.597500E-06,-15.482459217E-03
-9.595000E-06,-15.482459217E-03
-9.592500E-06,-15.482459217E-03
-9.590000E-06,-15.482459217E-03
-9.587500E-06,-15.482459217E-03
-9.585000E-06,-15.482459217E-03
-9.582500E-06,-15.482459217E-03
-9.580000E-06,-15.482459217E-03
-9.577500E-06,-15.482459217E-03
-9.575000E-06,-15.482459217E-03
-9.572500E-06,-15.482459217E-03
-9.570000E-06,-15.482459217E-03
-9.567500E-06,-15.482459217E-03
-9.565000E-06,-15.482459217E-03
-9.562500E-06,-15.482459217E-03
-9.560000E-06,-15.482459217E-03
-9.557500E-06,-15.482459217E-03
-9.555000E-06,-15.482459217E-03
-9.552500E-06,-15.482459217E-03
-9.550000E-06,-15.482459217E-03
-9.547500E-06,-15.482459217E-03
-9.545000E-06,-17.442258177E-03
-9.542500E-06,-15.482459217E-03
-9.540000E-06,-13.522660257E-03
-9.537500E-06,-15.482459217E-03
-9.535000E-06,-15.482459217E-03
-9.532500E-06,-15.482459217E-03
-9.530000E-06,-15.482459217E-03
-9.527500E-06,-15.482459217E-03
-9.525000E-06,-15.482459217E-03
-9.522500E-06,-15.482459217E-03
-9.520000E-06,-15.482459217E-03
-9.517500E-06,-15.482459217E-03
-9.515000E-06,-15.482459217E-03
-9.512500E-06,-15.482459217E-03
-9.510000E-06,-15.482459217E-03
-9.507500E-06,-15.482459217E-03
-9.505000E-06,-15.482459217E-03
-9.502500E-06,-15.482459217E-03
-9.500000E-06,-15.482459217E-03
-9.497500E-06,-15.482459217E-03
-9.495000E-06,-15.482459217E-03
-9.492500E-06,-15.482459217E-03
-9.490000E-06,-15.482459217E-03
-9.487500E-06,-15.482459217E-03
-9.485000E-06,-15.482459217E-03
-9.482500E-06,-15.482459217E-03
-9.480000E-06,+195.933506E-06
-9.477500E-06,-15.482459217E-03
-9.475000E-06,-15.482459217E-03
-9.472500E-06,-15.482459217E-03
-9.470000E-06,-15.482459217E-03
-9.467500E-06,-15.482459217E-03
-9.465000E-06,-29.201052980E-03
-9.462500E-06,-15.482459217E-03
-9.460000E-06,-15.482459217E-03
-9.457500E-06,-31.160851941E-03
-9.455000E-06,-31.160851941E-03
-9.452500E-06,-15.482459217E-03
-9.450000E-06,-15.482459217E-03
-9.447500E-06,-15.482459217E-03
-9.445000E-06,-15.482459217E-03
-9.442500E-06,-15.482459217E-03
-9.440000E-06,+195.933506E-06
-9.437500E-06,-15.482459217E-03
-9.435000E-06,-15.482459217E-03
-9.432500E-06,-15.482459217E-03
-9.430000E-06,-15.482459217E-03
-9.427500E-06,-15.482459217E-03
-9.425000E-06,-15.482459217E-03
-9.422500E-06,-15.482459217E-03
-9.420000E-06,-15.482459217E-03
-9.417500E-06,-17.442258178E-03
-9.415000E-06,-15.482459217E-03
-9.412500E-06,-15.482459217E-03
-9.410000E-06,-15.482459217E-03
-9.407500E-06,-15.482459217E-03
-9.405000E-06,-31.160851941E-03
-9.402500E-06,-15.482459217E-03
-9.400000E-06,-15.482459217E-03
-9.397500E-06,-15.482459217E-03
-9.395000E-06,-15.482459217E-03
-9.392500E-06,-17.442258178E-03
-9.390000E-06,-15.482459217E-03
-9.387500E-06,-15.482459217E-03
-9.385000E-06,-15.482459217E-03
-9.382500E-06,-17.442258178E-03
-9.380000E-06,-31.160851941E-03
-9.377500E-06,-15.482459217E-03
-9.375000E-06,-15.482459217E-03
-9.372500E-06,-15.482459217E-03
-9.370000E-06,-15.482459217E-03
-9.367500E-06,+195.933506E-06
-9.365000E-06,-1.763865455E-03
-9.362500E-06,-15.482459217E-03
-9.360000E-06,-15.482459217E-03
-9.357500E-06,-15.482459217E-03
-9.355000E-06,-15.482459217E-03
-9.352500E-06,-31.160851941E-03
-9.350000E-06,-31.160851941E-03
-9.347500E-06,-15.482459217E-03
-9.345000E-06,-15.482459217E-03
-9.342500E-06,-15.482459217E-03
-9.340000E-06,-15.482459217E-03
-9.337500E-06,-15.482459217E-03
-9.335000E-06,-15.482459217E-03
-9.332500E-06,-17.442258178E-03
-9.330000E-06,-15.482459217E-03
-9.327500E-06,-15.482459217E-03
-9.325000E-06,-15.482459217E-03
-9.322500E-06,-29.201052979E-03
-9.320000E-06,-15.482459217E-03
-9.317500E-06,-13.522660256E-03
-9.315000E-06,-1.763865455E-03
-9.312500E-06,-15.482459217E-03
-9.310000E-06,-15.482459217E-03
-9.307500E-06,-15.482459217E-03
-9.305000E-06,-15.482459217E-03
-9.302500E-06,-31.160851941E-03
-9.300000E-06,-15.482459217E-03
-9.297500E-06,+195.933506E-06
-9.295000E-06,-1.763865455E-03
-9.292500E-06,-15.482459217E-03
-9.290000E-06,-15.482459217E-03
-9.287500E-06,-15.482459217E-03
-9.285000E-06,-15.482459217E-03
-9.282500E-06,-15.482459217E-03
-9.280000E-06,-15.482459217E-03
-9.277500E-06,-15.482459217E-03
-9.275000E-06,-15.482459217E-03
-9.272500E-06,-15.482459217E-03
-9.270000E-06,-15.482459217E-03
-9.267500E-06,-13.522660256E-03
-9.265000E-06,-15.482459217E-03
-9.262500E-06,-15.482459217E-03
-9.260000E-06,-15.482459217E-03
-9.257500E-06,+195.933506E-06
-9.255000E-06,-1.763865456E-03
-9.252500E-06,-15.482459217E-03
-9.250000E-06,-15.482459217E-03
-9.247500E-06,-15.482459217E-03
-9.245000E-06,-15.482459217E-03
-9.242500E-06,-15.482459217E-03
-9.240000E-06,-15.482459217E-03
-9.237500E-06,-15.482459217E-03
-9.235000E-06,-15.482459217E-03
-9.232500E-06,-15.482459217E-03
-9.230000E-06,-15.482459217E-03
-9.227500E-06,-15.482459217E-03
-9.225000E-06,-15.482459217E-03
-9.222500E-06,-31.160851941E-03
-9.220000E-06,-15.482459217E-03
-9.217500E-06,-15.482459217E-03
-9.215000E-06,-15.482459217E-03
-9.212500E-06,-15.482459217E-03
-9.210000E-06,-15.482459217E-03
-9.207500E-06,-15.482459217E-03
-9.205000E-06,-15.482459217E-03
-9.202500E-06,-15.482459217E-03
-9.200000E-06,-15.482459217E-03
-9.197500E-06,-15.482459217E-03
-9.195000E-06,-15.482459217E-03
-9.192500E-06,-15.482459217E-03
-9.190000E-06,-17.442258179E-03
-9.187500E-06,-29.201052979E-03
-9.185000E-06,-31.160851941E-03
-9.182500E-06,-31.160851941E-03
-9.180000E-06,-15.482459217E-03
-9.177500E-06,-15.482459217E-03
-9.175000E-06,-15.482459217E-03
-9.172500E-06,-31.160851941E-03
-9.170000E-06,-31.160851941E-03
-9.167500E-06,-17.442258179E-03
-9.165000E-06,-31.160851941E-03
-9.162500E-06,-15.482459217E-03
-9.160000E-06,-15.482459217E-03
-9.157500E-06,-15.482459217E-03
-9.155000E-06,-15.482459217E-03
-9.152500E-06,-15.482459217E-03
-9.150000E-06,-15.482459217E-03
-9.147500E-06,-15.482459217E-03
-9.145000E-06,-15.482459217E-03
-9.142500E-06,-15.482459217E-03
-9.140000E-06,-15.482459217E-03
-9.137500E-06,-15.482459217E-03
-9.135000E-06,-15.482459217E-03
-9.132500E-06,-15.482459217E-03
-9.130000E-06,-15.482459217E-03
-9.127500E-06,-15.482459217E-03
-9.125000E-06,-15.482459217E-03
-9.122500E-06,-15.482459217E-03
-9.120000E-06,-15.482459217E-03
-9.117500E-06,+195.933506E-06
-9.115000E-06,-15.482459217E-03
-9.112500E-06,-15.482459217E-03
-9.110000E-06,-15.482459217E-03
-9.107500E-06,-15.482459217E-03
-9.105000E-06,-15.482459217E-03
-9.102500E-06,-15.482459217E-03
-9.100000E-06,-15.482459217E-03
-9.097500E-06,-15.482459217E-03
-9.095000E-06,-15.482459217E-03
-9.092500E-06,-15.482459217E-03
-9.090000E-06,-15.482459217E-03
-9.087500E-06,-15.482459217E-03
-9.085000E-06,-15.482459217E-03
-9.082500E-06,-15.482459217E-03
-9.080000E-06,-15.482459217E-03
-9.077500E-06,-31.160851941E-03
-9.075000E-06,-15.482459217E-03
-9.072500E-06,-15.482459217E-03
-9.070000E-06,-15.482459217E-03
-9.067500E-06,-15.482459217E-03
-9.065000E-06,-15.482459217E-03
-9.062500E-06,-15.482459217E-03
-9.060000E-06,-15.482459217E-03
-9.057500E-06,-15.482459217E-03
-9.055000E-06,-15.482459217E-03
-9.052500E-06,-31.160851941E-03
-9.050000E-06,-31.160851941E-03
-9.047500E-06,-15.482459217E-03
-9.045000E-06,-15.482459217E-03
-9.042500E-06,-15.482459217E-03
-9.040000E-06,-15.482459217E-03
-9.037500E-06,-15.482459217E-03
-9.035000E-06,-15.482459217E-03
-9.032500E-06,-15.482459217E-03
-9.030000E-06,-31.160851941E-03
-9.027500E-06,-29.201052978E-03
-9.025000E-06,-15.482459217E-03
-9.022500E-06,-15.482459217E-03
-9.020000E-06,-31.160851941E-03
-9.017500E-06,-15.482459217E-03
-9.015000E-06,-15.482459217E-03
-9.012500E-06,-15.482459217E-03
-9.010000E-06,-17.442258180E-03
-9.007500E-06,-15.482459217E-03
-9.005000E-06,-15.482459217E-03
-9.002500E-06,-15.482459217E-03
-9.000000E-06,-31.160851941E-03
-8.997500E-06,-29.201052978E-03
-8.995000E-06,-15.482459217E-03
-8.992500E-06,-15.482459217E-03
-8.990000E-06,-15.482459217E-03
-8.987500E-06,-15.482459217E-03
-8.985000E-06,-15.482459217E-03
-8.982500E-06,-15.482459217E-03
-8.980000E-06,-15.482459217E-03
-8.977500E-06,-15.482459217E-03
-8.975000E-06,-15.482459217E-03
-8.972500E-06,-15.482459217E-03
-8.970000E-06,-15.482459217E-03
-8.967500E-06,-15.482459217E-03
-8.965000E-06,-15.482459217E-03
-8.962500E-06,-15.482459217E-03
-8.960000E-06,-15.482459217E-03
-8.957500E-06,-15.482459217E-03
-8.955000E-06,-15.482459217E-03
-8.952500E-06,-15.482459217E-03
-8.950000E-06,-15.482459217E-03
-8.947500E-06,-15.482459217E-03
-8.945000E-06,-15.482459217E-03
-8.942500E-06,-15.482459217E-03
-8.940000E-06,-15.482459217E-03
-8.937500E-06,-15.482459217E-03
-8.935000E-06,-15.482459217E-03
-8.932500E-06,-15.482459217E-03
-8.930000E-06,-15.482459217E-03
-8.927500E-06,-15.482459217E-03
-8.925000E-06,-15.482459217E-03
-8.922500E-06,-15.482459217E-03
-8.920000E-06,-15.482459217E-03
-8.917500E-06,-17.442258181E-03
-8.915000E-06,-15.482459217E-03
-8.912500E-06,-15.482459217E-03
-8.910000E-06,-15.482459217E-03
-8.907500E-06,-31.160851941E-03
-8.905000E-06,-29.201052977E-03
-8.902500E-06,-15.482459217E-03
-8.900000E-06,-15.482459217E-03
-8.897500E-06,-15.482459217E-03
-8.895000E-06,-15.482459217E-03
-8.892500E-06,-15.482459217E-03
-8.890000E-06,-15.482459217E-03
-8.887500E-06,-31.160851941E-03
-8.885000E-06,-15.482459217E-03
-8.882500E-06,-15.482459217E-03
-8.880000E-06,-15.482459217E-03
-8.877500E-06,-31.160851941E-03
-8.875000E-06,-15.482459217E-03
-8.872500E-06,-15.482459217E-03
-8.870000E-06,-13.522660254E-03
-8.867500E-06,-15.482459217E-03
-8.865000E-06,-15.482459217E-03
-8.862500E-06,-15.482459217E-03
-8.860000E-06,-15.482459217E-03
-8.857500E-06,-15.482459217E-03
-8.855000E-06,-15.482459217E-03
-8.852500E-06,-15.482459217E-03
-8.850000E-06,-31.160851941E-03
-8.847500E-06,-29.201052977E-03
-8.845000E-06,-15.482459217E-03
-8.842500E-06,-31.160851941E-03
-8.840000E-06,-15.482459217E-03
-8.837500E-06,-15.482459217E-03
-8.835000E-06,-15.482459217E-03
-8.832500E-06,-31.160851941E-03
-8.830000E-06,-31.160851941E-03
-8.827500E-06,-15.482459217E-03
-8.825000E-06,-15.482459217E-03
-8.822500E-06,-15.482459217E-03
-8.820000E-06,-29.201052977E-03
-8.817500E-06,-15.482459217E-03
-8.815000E-06,-15.482459217E-03
-8.812500E-06,-15.482459217E-03
-8.810000E-06,-29.201052977E-03
-8.807500E-06,-15.482459217E-03
-8.805000E-06,-15.482459217E-03
-8.802500E-06,-15.482459217E-03
-8.800000E-06,-15.482459217E-03
-8.797500E-06,-15.482459217E-03
-8.795000E-06,-15.482459217E-03
-8.792500E-06,-17.442258181E-03
-8.790000E-06,-31.160851941E-03
-8.787500E-06,-15.482459217E-03
-8.785000E-06,+195.933506E-06
-8.782500E-06,-15.482459217E-03
-8.780000E-06,-15.482459217E-03
-8.777500E-06,-15.482459217E-03
-8.775000E-06,-15.482459217E-03
-8.772500E-06,-15.482459217E-03
-8.770000E-06,-31.160851941E-03
-8.767500E-06,-15.482459217E-03
-8.765000E-06,-15.482459217E-03
-8.762500E-06,-15.482459217E-03
-8.760000E-06,-15.482459217E-03
-8.757500E-06,-15.482459217E-03
-8.755000E-06,-15.482459217E-03
-8.752500E-06,-15.482459217E-03
-8.750000E-06,-29.201052976E-03
-8.747500E-06,-15.482459217E-03
-8.745000E-06,-15.482459217E-03
-8.742500E-06,-15.482459217E-03
-8.740000E-06,-15.482459217E-03
-8.737500E-06,-15.482459217E-03
-8.735000E-06,+195.933506E-06
-8.732500E-06,-15.482459217E-03
-8.730000E-06,-17.442258181E-03
-8.727500E-06,-15.482459217E-03
-8.725000E-06,-15.482459217E-03
-8.722500E-06,-15.482459217E-03
-8.720000E-06,-15.482459217E-03
-8.717500E-06,-15.482459217E-03
-8.715000E-06,-15.482459217E-03
-8.712500E-06,-17.442258182E-03
-8.710000E-06,-15.482459217E-03
-8.707500E-06,-15.482459217E-03
-8.705000E-06,-15.482459217E-03
-8.702500E-06,-15.482459217E-03
-8.700000E-06,-15.482459217E-03
-8.697500E-06,-15.482459217E-03
-8.695000E-06,-15.482459217E-03
-8.692500E-06,-17.442258182E-03
-8.690000E-06,-15.482459217E-03
-8.687500E-06,-15.482459217E-03
-8.685000E-06,-15.482459217E-03
-8.682500E-06,-15.482459217E-03
-8.680000E-06,-15.482459217E-03
-8.677500E-06,-15.482459217E-03
-8.675000E-06,-15.482459217E-03
-8.672500E-06,-15.482459217E-03
-8.670000E-06,-15.482459217E-03
-8.667500E-06,-15.482459217E-03
-8.665000E-06,-15.482459217E-03
-8.662500E-06,-15.482459217E-03
-8.660000E-06,-15.482459217E-03
-8.657500E-06,-15.482459217E-03
-8.655000E-06,-15.482459217E-03
-8.652500E-06,-15.482459217E-03
-8.650000E-06,-15.482459217E-03
-8.647500E-06,-15.482459217E-03
-8.645000E-06,-15.482459217E-03
-8.642500E-06,-15.482459217E-03
-8.640000E-06,-15.482459217E-03
-8.637500E-06,-15.482459217E-03
-8.635000E-06,-15.482459217E-03
-8.632500E-06,-15.482459217E-03
-8.630000E-06,-15.482459217E-03
-8.627500E-06,-15.482459217E-03
-8.625000E-06,-15.482459217E-03
-8.622500E-06,-31.160851941E-03
-8.620000E-06,-29.201052976E-03
-8.617500E-06,-15.482459217E-03
-8.615000E-06,-15.482459217E-03
-8.612500E-06,-15.482459217E-03
-8.610000E-06,-15.482459217E-03
-8.607500E-06,-15.482459217E-03
-8.605000E-06,-15.482459217E-03
-8.602500E-06,-15.482459217E-03
-8.600000E-06,-15.482459217E-03
-8.597500E-06,-15.482459217E-03
-8.595000E-06,-15.482459217E-03
-8.592500E-06,-15.482459217E-03
-8.590000E-06,-15.482459217E-03
-8.587500E-06,-15.482459217E-03
-8.585000E-06,-13.522660252E-03
-8.582500E-06,-1.763865459E-03
-8.580000E-06,-15.482459217E-03
-8.577500E-06,-15.482459217E-03
-8.575000E-06,-15.482459217E-03
-8.572500E-06,-15.482459217E-03
-8.570000E-06,-15.482459217E-03
-8.567500E-06,-1.763865459E-03
-8.565000E-06,-15.482459217E-03
-8.562500E-06,+195.933506E-06
-8.560000E-06,+195.933506E-06
-8.557500E-06,-15.482459217E-03
-8.555000E-06,-15.482459217E-03
-8.552500E-06,-15.482459217E-03
-8.550000E-06,-15.482459217E-03
-8.547500E-06,-15.482459217E-03
-8.545000E-06,-15.482459217E-03
-8.542500E-06,-15.482459217E-03
-8.540000E-06,-15.482459217E-03
-8.537500E-06,-15.482459217E-03
-8.535000E-06,-17.442258182E-03
-8.532500E-06,-15.482459217E-03
-8.530000E-06,-15.482459217E-03
-8.527500E-06,-15.482459217E-03
-8.525000E-06,-15.482459217E-03
-8.522500E-06,-15.482459217E-03
-8.520000E-06,-15.482459217E-03
-8.517500E-06,-15.482459217E-03
-8.515000E-06,-15.482459217E-03
-8.512500E-06,-15.482459217E-03
-8.510000E-06,-15.482459217E-03
-8.507500E-06,-15.482459217E-03
-8.505000E-06,-15.482459217E-03
-8.502500E-06,-15.482459217E-03
-8.500000E-06,-15.482459217E-03
-8.497500E-06,-15.482459217E-03
-8.495000E-06,-15.482459217E-03
-8.492500E-06,-15.482459217E-03
-8.490000E-06,-15.482459217E-03
-8.487500E-06,-15.482459217E-03
-8.485000E-06,-15.482459217E-03
-8.482500E-06,-15.482459217E-03
-8.480000E-06,-31.160851941E-03
-8.477500E-06,-29.201052975E-03
-8.475000E-06,-15.482459217E-03
-8.472500E-06,+195.933506E-06
-8.470000E-06,-15.482459217E-03
-8.467500E-06,-15.482459217E-03
-8.465000E-06,-15.482459217E-03
-8.462500E-06,-15.482459217E-03
-8.460000E-06,-15.482459217E-03
-8.457500E-06,-15.482459217E-03
-8.455000E-06,-15.482459217E-03
-8.452500E-06,-15.482459217E-03
-8.450000E-06,-17.442258183E-03
-8.447500E-06,-29.201052975E-03
-8.445000E-06,-15.482459217E-03
-8.442500E-06,-15.482459217E-03
-8.440000E-06,-15.482459217E-03
-8.437500E-06,-15.482459217E-03
-8.435000E-06,-15.482459217E-03
-8.432500E-06,-15.482459217E-03
-8.430000E-06,-15.482459217E-03
-8.427500E-06,-15.482459217E-03
-8.425000E-06,-13.522660252E-03
-8.422500E-06,-15.482459217E-03
-8.420000E-06,-15.482459217E-03
-8.417500E-06,-15.482459217E-03
-8.415000E-06,-15.482459217E-03
-8.412500E-06,-15.482459217E-03
-8.410000E-06,-15.482459217E-03
-8.407500E-06,-15.482459217E-03
-8.405000E-06,-15.482459217E-03
-8.402500E-06,-15.482459217E-03
-8.400000E-06,-15.482459217E-03
-8.397500E-06,-15.482459217E-03
-8.395000E-06,-15.482459217E-03
-8.392500E-06,-15.482459217E-03
-8.390000E-06,-15.482459217E-03
-8.387500E-06,-15.482459217E-03
-8.385000E-06,-15.482459217E-03
-8.382500E-06,-15.482459217E-03
-8.380000E-06,-15.482459217E-03
-8.377500E-06,-15.482459217E-03
-8.375000E-06,-15.482459217E-03
-8.372500E-06,-15.482459217E-03
-8.370000E-06,-15.482459217E-03
-8.367500E-06,-15.482459217E-03
-8.365000E-06,-15.482459217E-03
-8.362500E-06,-15.482459217E-03
-8.360000E-06,-15.482459217E-03
-8.357500E-06,-15.482459217E-03
-8.355000E-06,-17.442258183E-03
-8.352500E-06,-15.482459217E-03
-8.350000E-06,-15.482459217E-03
-8.347500E-06,-15.482459217E-03
-8.345000E-06,-15.482459217E-03
-8.342500E-06,-15.482459217E-03
-8.340000E-06,-15.482459217E-03
-8.337500E-06,-15.482459217E-03
-8.335000E-06,-15.482459217E-03
-8.332500E-06,-15.482459217E-03
-8.330000E-06,-15.482459217E-03
-8.327500E-06,-15.482459217E-03
-8.325000E-06,-15.482459217E-03
-8.322500E-06,-15.482459217E-03
-8.320000E-06,-13.522660251E-03
-8.317500E-06,+195.933506E-06
-8.315000E-06,+195.933506E-06
-8.312500E-06,-15.482459217E-03
-8.310000E-06,-15.482459217E-03
-8.307500E-06,-15.482459217E-03
-8.305000E-06,-15.482459217E-03
-8.302500E-06,-15.482459217E-03
-8.300000E-06,-15.482459217E-03
-8.297500E-06,-15.482459217E-03
-8.295000E-06,-15.482459217E-03
-8.292500E-06,-15.482459217E-03
-8.290000E-06,-15.482459217E-03
-8.287500E-06,-15.482459217E-03
-8.285000E-06,-15.482459217E-03
-8.282500E-06,-15.482459217E-03
-8.280000E-06,-15.482459217E-03
-8.277500E-06,-15.482459217E-03
-8.275000E-06,-15.482459217E-03
-8.272500E-06,-15.482459217E-03
-8.270000E-06,-15.482459217E-03
-8.267500E-06,-15.482459217E-03
-8.265000E-06,+195.933506E-06
-8.262500E-06,-15.482459217E-03
-8.260000E-06,-15.482459217E-03
-8.257500E-06,-15.482459217E-03
-8.255000E-06,-15.482459217E-03
-8.252500E-06,-15.482459217E-03
-8.250000E-06,-15.482459217E-03
-8.247500E-06,-15.482459217E-03
-8.245000E-06,-15.482459217E-03
-8.242500E-06,-15.482459217E-03
-8.240000E-06,-15.482459217E-03
-8.237500E-06,-15.482459217E-03
-8.235000E-06,-15.482459217E-03
-8.232500E-06,-15.482459217E-03
-8.230000E-06,-15.482459217E-03
-8.227500E-06,-15.482459217E-03
-8.225000E-06,-15.482459217E-03
-8.222500E-06,-15.482459217E-03
-8.220000E-06,-15.482459217E-03
-8.217500E-06,-15.482459217E-03
-8.215000E-06,-15.482459217E-03
-8.212500E-06,-15.482459217E-03
-8.210000E-06,-15.482459217E-03
-8.207500E-06,-15.482459217E-03
-8.205000E-06,-15.482459217E-03
-8.202500E-06,-15.482459217E-03
-8.200000E-06,-31.160851941E-03
-8.197500E-06,-15.482459217E-03
-8.195000E-06,-15.482459217E-03
-8.192500E-06,-15.482459217E-03
-8.190000E-06,-31.160851941E-03
-8.187500E-06,-29.201052974E-03
-8.185000E-06,-15.482459217E-03
-8.182500E-06,-15.482459217E-03
-8.180000E-06,-31.160851941E-03
-8.177500E-06,-15.482459217E-03
-8.175000E-06,+195.933506E-06
-8.172500E-06,-1.763865461E-03
-8.170000E-06,-15.482459217E-03
-8.167500E-06,-15.482459217E-03
-8.165000E-06,-15.482459217E-03
-8.162500E-06,-15.482459217E-03
-8.160000E-06,-31.160851941E-03
-8.157500E-06,-15.482459217E-03
-8.155000E-06,-15.482459217E-03
-8.152500E-06,-15.482459217E-03
-8.150000E-06,-15.482459217E-03
-8.147500E-06,-15.482459217E-03
-8.145000E-06,-13.522660250E-03
-8.142500E-06,-15.482459217E-03
-8.140000E-06,-31.160851941E-03
-8.137500E-06,-31.160851941E-03
-8.135000E-06,-15.482459217E-03
-8.132500E-06,-15.482459217E-03
-8.130000E-06,-15.482459217E-03
-8.127500E-06,-15.482459217E-03
-8.125000E-06,-15.482459217E-03
-8.122500E-06,-15.482459217E-03
-8.120000E-06,-15.482459217E-03
-8.117500E-06,-15.482459217E-03
-8.115000E-06,-15.482459217E-03
-8.112500E-06,-15.482459217E-03
-8.110000E-06,-15.482459217E-03
-8.107500E-06,-15.482459217E-03
-8.105000E-06,-15.482459217E-03
-8.102500E-06,-15.482459217E-03
-8.100000E-06,+195.933506E-06
-8.097500E-06,-15.482459217E-03
-8.095000E-06,-15.482459217E-03
-8.092500E-06,-15.482459217E-03
-8.090000E-06,-15.482459217E-03
-8.087500E-06,-15.482459217E-03
-8.085000E-06,-15.482459217E-03
-8.082500E-06,-15.482459217E-03
-8.080000E-06,-15.482459217E-03
-8.077500E-06,-15.482459217E-03
-8.075000E-06,-15.482459217E-03
-8.072500E-06,-15.482459217E-03
-8.070000E-06,-15.482459217E-03
-8.067500E-06,-13.522660250E-03
-8.065000E-06,-15.482459217E-03
-8.062500E-06,-17.442258185E-03
-8.060000E-06,-15.482459217E-03
-8.057500E-06,-15.482459217E-03
-8.055000E-06,+195.933506E-06
-8.052500E-06,-15.482459217E-03
-8.050000E-06,-15.482459217E-03
-8.047500E-06,-15.482459217E-03
-8.045000E-06,-15.482459217E-03
-8.042500E-06,-15.482459217E-03
-8.040000E-06,-15.482459217E-03
-8.037500E-06,-15.482459217E-03
-8.035000E-06,-15.482459217E-03
-8.032500E-06,-15.482459217E-03
-8.030000E-06,-15.482459217E-03
-8.027500E-06,-15.482459217E-03
-8.025000E-06,-15.482459217E-03
-8.022500E-06,-15.482459217E-03
-8.020000E-06,-15.482459217E-03
-8.017500E-06,-15.482459217E-03
-8.015000E-06,-15.482459217E-03
-8.012500E-06,-15.482459217E-03
-8.010000E-06,-15.482459217E-03
-8.007500E-06,-15.482459217E-03
-8.005000E-06,-15.482459217E-03
-8.002500E-06,-15.482459217E-03
-8.000000E-06,-15.482459217E-03
-7.997500E-06,-15.482459217E-03
-7.995000E-06,-15.482459217E-03
-7.992500E-06,-15.482459217E-03
-7.990000E-06,-15.482459217E-03
-7.987500E-06,-15.482459217E-03
-7.985000E-06,-15.482459217E-03
-7.982500E-06,-15.482459217E-03
-7.980000E-06,-15.482459217E-03
-7.977500E-06,-15.482459217E-03
-7.975000E-06,-15.482459217E-03
-7.972500E-06,-1.763865462E-03
-7.970000E-06,-15.482459217E-03
-7.967500E-06,-31.160851941E-03
-7.965000E-06,-15.482459217E-03
-7.962500E-06,-15.482459217E-03
-7.960000E-06,-15.482459217E-03
-7.957500E-06,-15.482459217E-03
-7.955000E-06,-15.482459217E-03
-7.952500E-06,-15.482459217E-03
-7.950000E-06,-15.482459217E-03
-7.947500E-06,-15.482459217E-03
-7.945000E-06,-15.482459217E-03
-7.942500E-06,-15.482459217E-03
-7.940000E-06,-15.482459217E-03
-7.937500E-06,-15.482459217E-03
-7.935000E-06,-15.482459217E-03
-7.932500E-06,-15.482459217E-03
-7.930000E-06,-15.482459217E-03
-7.927500E-06,-15.482459217E-03
-7.925000E-06,-15.482459217E-03
-7.922500E-06,-15.482459217E-03
-7.920000E-06,-15.482459217E-03
-7.917500E-06,-15.482459217E-03
-7.915000E-06,-15.482459217E-03
-7.912500E-06,-15.482459217E-03
-7.910000E-06,-15.482459217E-03
-7.907500E-06,-15.482459217E-03
-7.905000E-06,-15.482459217E-03
-7.902500E-06,-15.482459217E-03
-7.900000E-06,-15.482459217E-03
-7.897500E-06,-15.482459217E-03
-7.895000E-06,-15.482459217E-03
-7.892500E-06,-15.482459217E-03
-7.890000E-06,-15.482459217E-03
-7.887500E-06,-15.482459217E-03
-7.885000E-06,-15.482459217E-03
-7.882500E-06,-15.482459217E-03
-7.880000E-06,-15.482459217E-03
-7.877500E-06,-15.482459217E-03
-7.875000E-06,-15.482459217E-03
-7.872500E-06,+195.933506E-06
-7.870000E-06,+195.933506E-06
-7.867500E-06,-15.482459217E-03
-7.865000E-06,-15.482459217E-03
-7.862500E-06,-15.482459217E-03
-7.860000E-06,-1.763865463E-03
-7.857500E-06,-15.482459217E-03
-7.855000E-06,-15.482459217E-03
-7.852500E-06,-15.482459217E-03
-7.850000E-06,-15.482459217E-03
-7.847500E-06,-15.482459217E-03
-7.845000E-06,-15.482459217E-03
-7.842500E-06,-15.482459217E-03
-7.840000E-06,-15.482459217E-03
-7.837500E-06,-15.482459217E-03
-7.835000E-06,-15.482459217E-03
-7.832500E-06,-13.522660249E-03
-7.830000E-06,-15.482459217E-03
-7.827500E-06,-15.482459217E-03
-7.825000E-06,-15.482459217E-03
-7.822500E-06,-15.482459217E-03
-7.820000E-06,-15.482459217E-03
-7.817500E-06,-15.482459217E-03
-7.815000E-06,-15.482459217E-03
-7.812500E-06,-15.482459217E-03
-7.810000E-06,-31.160851941E-03
-7.807500E-06,-15.482459217E-03
-7.805000E-06,-15.482459217E-03
-7.802500E-06,-15.482459217E-03
-7.800000E-06,-15.482459217E-03
-7.797500E-06,-15.482459217E-03
-7.795000E-06,-15.482459217E-03
-7.792500E-06,-15.482459217E-03
-7.790000E-06,-15.482459217E-03
-7.787500E-06,-15.482459217E-03
-7.785000E-06,-15.482459217E-03
-7.782500E-06,-15.482459217E-03
-7.780000E-06,-15.482459217E-03
-7.777500E-06,-15.482459217E-03
-7.775000E-06,-15.482459217E-03
-7.772500E-06,-15.482459217E-03
-7.770000E-06,-15.482459217E-03
-7.767500E-06,+195.933506E-06
-7.765000E-06,-15.482459217E-03
-7.762500E-06,-15.482459217E-03
-7.760000E-06,-15.482459217E-03
-7.757500E-06,-15.482459217E-03
-7.755000E-06,-15.482459217E-03
-7.752500E-06,-15.482459217E-03
-7.750000E-06,-15.482459217E-03
-7.747500E-06,-15.482459217E-03
-7.745000E-06,-15.482459217E-03
-7.742500E-06,-15.482459217E-03
-7.740000E-06,-15.482459217E-03
-7.737500E-06,-15.482459217E-03
-7.735000E-06,-15.482459217E-03
-7.732500E-06,-31.160851941E-03
-7.730000E-06,-31.160851941E-03
-7.727500E-06,-15.482459217E-03
-7.725000E-06,-15.482459217E-03
-7.722500E-06,-15.482459217E-03
-7.720000E-06,-15.482459217E-03
-7.717500E-06,-15.482459217E-03
-7.715000E-06,-15.482459217E-03
-7.712500E-06,-15.482459217E-03
-7.710000E-06,-31.160851941E-03
-7.707500E-06,-29.201052971E-03
-7.705000E-06,-15.482459217E-03
-7.702500E-06,-15.482459217E-03
-7.700000E-06,-15.482459217E-03
-7.697500E-06,-15.482459217E-03
-7.695000E-06,-15.482459217E-03
-7.692500E-06,-15.482459217E-03
-7.690000E-06,-15.482459217E-03
-7.687500E-06,-15.482459217E-03
-7.685000E-06,-15.482459217E-03
-7.682500E-06,-15.482459217E-03
-7.680000E-06,-15.482459217E-03
-7.677500E-06,-15.482459217E-03
-7.675000E-06,-29.201052971E-03
-7.672500E-06,-15.482459217E-03
-7.670000E-06,-15.482459217E-03
-7.667500E-06,-15.482459217E-03
-7.665000E-06,-15.482459217E-03
-7.662500E-06,-15.482459217E-03
-7.660000E-06,-15.482459217E-03
-7.657500E-06,-15.482459217E-03
-7.655000E-06,-15.482459217E-03
-7.652500E-06,-15.482459217E-03
-7.650000E-06,-31.160851941E-03
-7.647500E-06,-15.482459217E-03
-7.645000E-06,-15.482459217E-03
-7.642500E-06,-31.160851941E-03
-7.640000E-06,-15.482459217E-03
-7.637500E-06,-15.482459217E-03
-7.635000E-06,-15.482459217E-03
-7.632500E-06,-15.482459217E-03
-7.630000E-06,-15.482459217E-03
-7.627500E-06,-15.482459217E-03
-7.625000E-06,-15.482459217E-03
-7.622500E-06,-15.482459217E-03
-7.620000E-06,-15.482459217E-03
-7.617500E-06,-15.482459217E-03
-7.615000E-06,-15.482459217E-03
-7.612500E-06,-15.482459217E-03
-7.610000E-06,-15.482459217E-03
-7.607500E-06,-15.482459217E-03
-7.605000E-06,-15.482459217E-03
-7.602500E-06,-15.482459217E-03
-7.600000E-06,-15.482459217E-03
-7.597500E-06,-15.482459217E-03
-7.595000E-06,-15.482459217E-03
-7.592500E-06,-15.482459217E-03
-7.590000E-06,-15.482459217E-03
-7.587500E-06,-15.482459217E-03
-7.585000E-06,-15.482459217E-03
-7.582500E-06,-15.482459217E-03
-7.580000E-06,-15.482459217E-03
-7.577500E-06,-15.482459217E-03
-7.575000E-06,-15.482459217E-03
-7.572500E-06,-15.482459217E-03
-7.570000E-06,-13.522660247E-03
-7.567500E-06,-15.482459217E-03
-7.565000E-06,-15.482459217E-03
-7.562500E-06,-15.482459217E-03
-7.560000E-06,-15.482459217E-03
-7.557500E-06,-15.482459217E-03
-7.555000E-06,-15.482459217E-03
-7.552500E-06,-15.482459217E-03
-7.550000E-06,-15.482459217E-03
-7.547500E-06,-15.482459217E-03
-7.545000E-06,-15.482459217E-03
-7.542500E-06,-15.482459217E-03
-7.540000E-06,-15.482459217E-03
-7.537500E-06,-15.482459217E-03
-7.535000E-06,-15.482459217E-03
-7.532500E-06,-15.482459217E-03
-7.530000E-06,-15.482459217E-03
-7.527500E-06,-15.482459217E-03
-7.525000E-06,-15.482459217E-03
-7.522500E-06,-29.201052970E-03
-7.520000E-06,-15.482459217E-03
-7.517500E-06,-15.482459217E-03
-7.515000E-06,-15.482459217E-03
-7.512500E-06,-15.482459217E-03
-7.510000E-06,-15.482459217E-03
-7.507500E-06,-15.482459217E-03
-7.505000E-06,-15.482459217E-03
-7.502500E-06,-17.442258188E-03
-7.500000E-06,-15.482459217E-03
-7.497500E-06,-13.522660247E-03
-7.495000E-06,-15.482459217E-03
-7.492500E-06,-17.442258188E-03
-7.490000E-06,-31.160851941E-03
-7.487500E-06,-15.482459217E-03
-7.485000E-06,-15.482459217E-03
-7.482500E-06,-15.482459217E-03
-7.480000E-06,-15.482459217E-03
-7.477500E-06,-15.482459217E-03
-7.475000E-06,-15.482459217E-03
-7.472500E-06,-15.482459217E-03
-7.470000E-06,-15.482459217E-03
-7.467500E-06,-15.482459217E-03
-7.465000E-06,-15.482459217E-03
-7.462500E-06,-15.482459217E-03
-7.460000E-06,-15.482459217E-03
-7.457500E-06,-15.482459217E-03
-7.455000E-06,-15.482459217E-03
-7.452500E-06,-15.482459217E-03
-7.450000E-06,-15.482459217E-03
-7.447500E-06,-15.482459217E-03
-7.445000E-06,-15.482459217E-03
-7.442500E-06,-15.482459217E-03
-7.440000E-06,-15.482459217E-03
-7.437500E-06,-15.482459217E-03
-7.435000E-06,-15.482459217E-03
-7.432500E-06,-15.482459217E-03
-7.430000E-06,-15.482459217E-03
-7.427500E-06,-15.482459217E-03
-7.425000E-06,-15.482459217E-03
-7.422500E-06,-15.482459217E-03
-7.420000E-06,-15.482459217E-03
-7.417500E-06,-15.482459217E-03
-7.415000E-06,-15.482459217E-03
-7.412500E-06,-29.201052970E-03
-7.410000E-06,-15.482459217E-03
-7.407500E-06,+195.933506E-06
-7.405000E-06,-15.482459217E-03
-7.402500E-06,-15.482459217E-03
-7.400000E-06,-15.482459217E-03
-7.397500E-06,-15.482459217E-03
-7.395000E-06,+195.933506E-06
-7.392500E-06,-15.482459217E-03
-7.390000E-06,-15.482459217E-03
-7.387500E-06,-15.482459217E-03
-7.385000E-06,+195.933506E-06
-7.382500E-06,+195.933506E-06
-7.380000E-06,-15.482459217E-03
-7.377500E-06,-15.482459217E-03
-7.375000E-06,-15.482459217E-03
-7.372500E-06,-15.482459217E-03
-7.370000E-06,-15.482459217E-03
-7.367500E-06,-15.482459217E-03
-7.365000E-06,-15.482459217E-03
-7.362500E-06,-15.482459217E-03
-7.360000E-06,-15.482459217E-03
-7.357500E-06,-15.482459217E-03
-7.355000E-06,-15.482459217E-03
-7.352500E-06,+195.933506E-06
-7.350000E-06,-15.482459217E-03
-7.347500E-06,-15.482459217E-03
-7.345000E-06,-15.482459217E-03
-7.342500E-06,-15.482459217E-03
-7.340000E-06,-15.482459217E-03
-7.337500E-06,-15.482459217E-03
-7.335000E-06,-31.160851941E-03
-7.332500E-06,-15.482459217E-03
-7.330000E-06,-15.482459217E-03
-7.327500E-06,-15.482459217E-03
-7.325000E-06,-15.482459217E-03
-7.322500E-06,-15.482459217E-03
-7.320000E-06,+195.933506E-06
-7.317500E-06,-15.482459217E-03
-7.315000E-06,-31.160851941E-03
-7.312500E-06,-31.160851941E-03
-7.310000E-06,-15.482459217E-03
-7.307500E-06,-15.482459217E-03
-7.305000E-06,-31.160851941E-03
-7.302500E-06,-31.160851941E-03
-7.300000E-06,-29.201052969E-03
-7.297500E-06,-15.482459217E-03
-7.295000E-06,-15.482459217E-03
-7.292500E-06,-15.482459217E-03
-7.290000E-06,-15.482459217E-03
-7.287500E-06,-15.482459217E-03
-7.285000E-06,-15.482459217E-03
-7.282500E-06,-15.482459217E-03
-7.280000E-06,-15.482459217E-03
-7.277500E-06,-31.160851941E-03
-7.275000E-06,-15.482459217E-03
-7.272500E-06,-15.482459217E-03
-7.270000E-06,-15.482459217E-03
-7.267500E-06,-15.482459217E-03
-7.265000E-06,-15.482459217E-03
-7.262500E-06,-15.482459217E-03
-7.260000E-06,-15.482459217E-03
-7.257500E-06,-15.482459217E-03
-7.255000E-06,-15.482459217E-03
-7.252500E-06,-15.482459217E-03
-7.250000E-06,-15.482459217E-03
-7.247500E-06,-15.482459217E-03
-7.245000E-06,-15.482459217E-03
-7.242500E-06,-15.482459217E-03
-7.240000E-06,-15.482459217E-03
-7.237500E-06,-15.482459217E-03
-7.235000E-06,-15.482459217E-03
-7.232500E-06,-15.482459217E-03
-7.230000E-06,-31.160851941E-03
-7.227500E-06,-15.482459217E-03
-7.225000E-06,-15.482459217E-03
-7.222500E-06,-15.482459217E-03
-7.220000E-06,-31.160851941E-03
-7.217500E-06,-15.482459217E-03
-7.215000E-06,-15.482459217E-03
-7.212500E-06,-31.160851941E-03
-7.210000E-06,-17.442258189E-03
-7.207500E-06,-15.482459217E-03
-7.205000E-06,-15.482459217E-03
-7.202500E-06,-15.482459217E-03
-7.200000E-06,-15.482459217E-03
-7.197500E-06,-15.482459217E-03
-7.195000E-06,-15.482459217E-03
-7.192500E-06,-15.482459217E-03
-7.190000E-06,-15.482459217E-03
-7.187500E-06,-15.482459217E-03
-7.185000E-06,-15.482459217E-03
-7.182500E-06,-15.482459217E-03
-7.180000E-06,-15.482459217E-03
-7.177500E-06,-15.482459217E-03
-7.175000E-06,-15.482459217E-03
-7.172500E-06,-15.482459217E-03
-7.170000E-06,-15.482459217E-03
-7.167500E-06,-15.482459217E-03
-7.165000E-06,-15.482459217E-03
-7.162500E-06,-15.482459217E-03
-7.160000E-06,+195.933506E-06
-7.157500E-06,-1.763865466E-03
-7.155000E-06,-15.482459217E-03
-7.152500E-06,-15.482459217E-03
-7.150000E-06,-15.482459217E-03
-7.147500E-06,-15.482459217E-03
-7.145000E-06,-15.482459217E-03
-7.142500E-06,-15.482459217E-03
-7.140000E-06,-15.482459217E-03
-7.137500E-06,-15.482459217E-03
-7.135000E-06,-15.482459217E-03
-7.132500E-06,-15.482459217E-03
-7.130000E-06,-13.522660245E-03
-7.127500E-06,-15.482459217E-03
-7.125000E-06,-15.482459217E-03
-7.122500E-06,-15.482459217E-03
-7.120000E-06,-15.482459217E-03
-7.117500E-06,-15.482459217E-03
-7.115000E-06,-15.482459217E-03
-7.112500E-06,+195.933506E-06
-7.110000E-06,-15.482459217E-03
-7.107500E-06,-15.482459217E-03
-7.105000E-06,-15.482459217E-03
-7.102500E-06,-15.482459217E-03
-7.100000E-06,-15.482459217E-03
-7.097500E-06,-15.482459217E-03
-7.095000E-06,-15.482459217E-03
-7.092500E-06,-15.482459217E-03
-7.090000E-06,-15.482459217E-03
-7.087500E-06,-31.160851941E-03
-7.085000E-06,-29.201052968E-03
-7.082500E-06,-15.482459217E-03
-7.080000E-06,-15.482459217E-03
-7.077500E-06,-29.201052968E-03
-7.075000E-06,-15.482459217E-03
-7.072500E-06,-15.482459217E-03
-7.070000E-06,-15.482459217E-03
-7.067500E-06,-15.482459217E-03
-7.065000E-06,-15.482459217E-03
-7.062500E-06,-15.482459217E-03
-7.060000E-06,-15.482459217E-03
-7.057500E-06,-29.201052968E-03
-7.055000E-06,-15.482459217E-03
-7.052500E-06,+195.933506E-06
-7.050000E-06,-15.482459217E-03
-7.047500E-06,-15.482459217E-03
-7.045000E-06,-15.482459217E-03
-7.042500E-06,-15.482459217E-03
-7.040000E-06,-15.482459217E-03
-7.037500E-06,-15.482459217E-03
-7.035000E-06,-15.482459217E-03
-7.032500E-06,-15.482459217E-03
-7.030000E-06,-15.482459217E-03
-7.027500E-06,-15.482459217E-03
-7.025000E-06,-15.482459217E-03
-7.022500E-06,-15.482459217E-03
-7.020000E-06,-15.482459217E-03
-7.017500E-06,-15.482459217E-03
-7.015000E-06,-15.482459217E-03
-7.012500E-06,-15.482459217E-03
-7.010000E-06,-15.482459217E-03
-7.007500E-06,-15.482459217E-03
-7.005000E-06,-15.482459217E-03
-7.002500E-06,-15.482459217E-03
-7.000000E-06,-15.482459217E-03
-6.997500E-06,-15.482459217E-03
-6.995000E-06,-15.482459217E-03
-6.992500E-06,-15.482459217E-03
-6.990000E-06,-15.482459217E-03
-6.987500E-06,-15.482459217E-03
-6.985000E-06,-15.482459217E-03
-6.982500E-06,-15.482459217E-03
-6.980000E-06,-15.482459217E-03
-6.977500E-06,-15.482459217E-03
-6.975000E-06,-15.482459217E-03
-6.972500E-06,-15.482459217E-03
-6.970000E-06,-15.482459217E-03
-6.967500E-06,-15.482459217E-03
-6.965000E-06,-15.482459217E-03
-6.962500E-06,-15.482459217E-03
-6.960000E-06,-15.482459217E-03
-6.957500E-06,-15.482459217E-03
-6.955000E-06,-15.482459217E-03
-6.952500E-06,-15.482459217E-03
-6.950000E-06,-15.482459217E-03
-6.947500E-06,-15.482459217E-03
-6.945000E-06,-15.482459217E-03
-6.942500E-06,-31.160851941E-03
-6.940000E-06,-31.160851941E-03
-6.937500E-06,-15.482459217E-03
-6.935000E-06,-15.482459217E-03
-6.932500E-06,-15.482459217E-03
-6.930000E-06,-15.482459217E-03
-6.927500E-06,-15.482459217E-03
-6.925000E-06,-15.482459217E-03
-6.922500E-06,-15.482459217E-03
-6.920000E-06,-15.482459217E-03
-6.917500E-06,-15.482459217E-03
-6.915000E-06,-15.482459217E-03
-6.912500E-06,-15.482459217E-03
-6.910000E-06,-15.482459217E-03
-6.907500E-06,-15.482459217E-03
-6.905000E-06,-15.482459217E-03
-6.902500E-06,-15.482459217E-03
-6.900000E-06,-15.482459217E-03
-6.897500E-06,+195.933506E-06
-6.895000E-06,+195.933506E-06
-6.892500E-06,-15.482459217E-03
-6.890000E-06,-15.482459217E-03
-6.887500E-06,+195.933506E-06
-6.885000E-06,-15.482459217E-03
-6.882500E-06,-15.482459217E-03
-6.880000E-06,-15.482459217E-03
-6.877500E-06,-15.482459217E-03
-6.875000E-06,-15.482459217E-03
-6.872500E-06,-15.482459217E-03
-6.870000E-06,-15.482459217E-03
-6.867500E-06,-15.482459217E-03
-6.865000E-06,-15.482459217E-03
-6.862500E-06,-15.482459217E-03
-6.860000E-06,-15.482459217E-03
-6.857500E-06,-15.482459217E-03
-6.855000E-06,-15.482459217E-03
-6.852500E-06,-15.482459217E-03
-6.850000E-06,-15.482459217E-03
-6.847500E-06,-15.482459217E-03
-6.845000E-06,-15.482459217E-03
-6.842500E-06,-15.482459217E-03
-6.840000E-06,-15.482459217E-03
-6.837500E-06,-15.482459217E-03
-6.835000E-06,-15.482459217E-03
-6.832500E-06,-15.482459217E-03
-6.830000E-06,-15.482459217E-03
-6.827500E-06,-15.482459217E-03
-6.825000E-06,+195.933506E-06
-6.822500E-06,+195.933506E-06
-6.820000E-06,-15.482459217E-03
-6.817500E-06,-15.482459217E-03
-6.815000E-06,-15.482459217E-03
-6.812500E-06,-15.482459217E-03
-6.810000E-06,-15.482459217E-03
-6.807500E-06,-31.160851941E-03
-6.805000E-06,-31.160851941E-03
-6.802500E-06,-15.482459217E-03
-6.800000E-06,-15.482459217E-03
-6.797500E-06,-15.482459217E-03
-6.795000E-06,-31.160851941E-03
-6.792500E-06,-15.482459217E-03
-6.790000E-06,-15.482459217E-03
-6.787500E-06,-15.482459217E-03
-6.785000E-06,-15.482459217E-03
-6.782500E-06,-15.482459217E-03
-6.780000E-06,-15.482459217E-03
-6.777500E-06,-15.482459217E-03
-6.775000E-06,-15.482459217E-03
-6.772500E-06,-15.482459217E-03
-6.770000E-06,-15.482459217E-03
-6.767500E-06,-15.482459217E-03
-6.765000E-06,-15.482459217E-03
-6.762500E-06,-15.482459217E-03
-6.760000E-06,-15.482459217E-03
-6.757500E-06,-15.482459217E-03
-6.755000E-06,-15.482459217E-03
-6.752500E-06,-15.482459217E-03
-6.750000E-06,-15.482459217E-03
-6.747500E-06,-15.482459217E-03
-6.745000E-06,-15.482459217E-03
-6.742500E-06,-15.482459217E-03
-6.740000E-06,+195.933506E-06
-6.737500E-06,-15.482459217E-03
-6.735000E-06,-15.482459217E-03
-6.732500E-06,-15.482459217E-03
-6.730000E-06,-15.482459217E-03
-6.727500E-06,-15.482459217E-03
-6.725000E-06,-15.482459217E-03
-6.722500E-06,-15.482459217E-03
-6.720000E-06,-15.482459217E-03
-6.717500E-06,-15.482459217E-03
-6.715000E-06,-15.482459217E-03
-6.712500E-06,-15.482459217E-03
-6.710000E-06,-15.482459217E-03
-6.707500E-06,-15.482459217E-03
-6.705000E-06,-15.482459217E-03
-6.702500E-06,-31.160851941E-03
-6.700000E-06,-15.482459217E-03
-6.697500E-06,-15.482459217E-03
-6.695000E-06,-15.482459217E-03
-6.692500E-06,-31.160851941E-03
-6.690000E-06,-15.482459217E-03
-6.687500E-06,-15.482459217E-03
-6.685000E-06,-15.482459217E-03
-6.682500E-06,-15.482459217E-03
-6.680000E-06,-15.482459217E-03
-6.677500E-06,-15.482459217E-03
-6.675000E-06,-15.482459217E-03
-6.672500E-06,-15.482459217E-03
-6.670000E-06,-15.482459217E-03
-6.667500E-06,-15.482459217E-03
-6.665000E-06,-15.482459217E-03
-6.662500E-06,-15.482459217E-03
-6.660000E-06,-15.482459217E-03
-6.657500E-06,-15.482459217E-03
-6.655000E-06,-15.482459217E-03
-6.652500E-06,-15.482459217E-03
-6.650000E-06,-15.482459217E-03
-6.647500E-06,-15.482459217E-03
-6.645000E-06,-15.482459217E-03
-6.642500E-06,-15.482459217E-03
-6.640000E-06,+195.933506E-06
-6.637500E-06,+195.933506E-06
-6.635000E-06,-15.482459217E-03
-6.632500E-06,-15.482459217E-03
-6.630000E-06,-15.482459217E-03
-6.627500E-06,-15.482459217E-03
-6.625000E-06,-15.482459217E-03
-6.622500E-06,-15.482459217E-03
-6.620000E-06,-15.482459217E-03
-6.617500E-06,-15.482459217E-03
-6.615000E-06,-15.482459217E-03
-6.612500E-06,-15.482459217E-03
-6.610000E-06,-15.482459217E-03
-6.607500E-06,-15.482459217E-03
-6.605000E-06,-15.482459217E-03
-6.602500E-06,-15.482459217E-03
-6.600000E-06,-15.482459217E-03
-6.597500E-06,-15.482459217E-03
-6.595000E-06,-15.482459217E-03
-6.592500E-06,-15.482459217E-03
-6.590000E-06,-15.482459217E-03
-6.587500E-06,-15.482459217E-03
-6.585000E-06,-15.482459217E-03
-6.582500E-06,-15.482459217E-03
-6.580000E-06,-15.482459217E-03
-6.577500E-06,-15.482459217E-03
-6.575000E-06,-15.482459217E-03
-6.572500E-06,-15.482459217E-03
-6.570000E-06,-15.482459217E-03
-6.567500E-06,-15.482459217E-03
-6.565000E-06,-15.482459217E-03
-6.562500E-06,-15.482459217E-03
-6.560000E-06,-15.482459217E-03
-6.557500E-06,-15.482459217E-03
-6.555000E-06,-15.482459217E-03
-6.552500E-06,-15.482459217E-03
-6.550000E-06,-15.482459217E-03
-6.547500E-06,-15.482459217E-03
-6.545000E-06,-15.482459217E-03
-6.542500E-06,-15.482459217E-03
-6.540000E-06,-15.482459217E-03
-6.537500E-06,-15.482459217E-03
-6.535000E-06,-15.482459217E-03
-6.532500E-06,-15.482459217E-03
-6.530000E-06,-15.482459217E-03
-6.527500E-06,-15.482459217E-03
-6.525000E-06,-15.482459217E-03
-6.522500E-06,-15.482459217E-03
-6.520000E-06,-15.482459217E-03
-6.517500E-06,-15.482459217E-03
-6.515000E-06,-15.482459217E-03
-6.512500E-06,-15.482459217E-03
-6.510000E-06,-15.482459217E-03
-6.507500E-06,-15.482459217E-03
-6.505000E-06,-15.482459217E-03
-6.502500E-06,-15.482459217E-03
-6.500000E-06,-15.482459217E-03
-6.497500E-06,-15.482459217E-03
-6.495000E-06,-15.482459217E-03
-6.492500E-06,-15.482459217E-03
-6.490000E-06,-15.482459217E-03
-6.487500E-06,-15.482459217E-03
-6.485000E-06,-15.482459217E-03
-6.482500E-06,-15.482459217E-03
-6.480000E-06,-15.482459217E-03
-6.477500E-06,-15.482459217E-03
-6.475000E-06,-31.160851941E-03
-6.472500E-06,-15.482459217E-03
-6.470000E-06,-15.482459217E-03
-6.467500E-06,-15.482459217E-03
-6.465000E-06,-15.482459217E-03
-6.462500E-06,-15.482459217E-03
-6.460000E-06,+195.933506E-06
-6.457500E-06,-15.482459217E-03
-6.455000E-06,-31.160851941E-03
-6.452500E-06,-29.201052965E-03
-6.450000E-06,-15.482459217E-03
-6.447500E-06,-1.763865470E-03
-6.445000E-06,-15.482459217E-03
-6.442500E-06,-15.482459217E-03
-6.440000E-06,-15.482459217E-03
-6.437500E-06,-15.482459217E-03
-6.435000E-06,-15.482459217E-03
-6.432500E-06,-15.482459217E-03
-6.430000E-06,-15.482459217E-03
-6.427500E-06,-15.482459217E-03
-6.425000E-06,-15.482459217E-03
-6.422500E-06,-15.482459217E-03
-6.420000E-06,-15.482459217E-03
-6.417500E-06,-15.482459217E-03
-6.415000E-06,-15.482459217E-03
-6.412500E-06,-15.482459217E-03
-6.410000E-06,-15.482459217E-03
-6.407500E-06,-15.482459217E-03
-6.405000E-06,+195.933506E-06
-6.402500E-06,-15.482459217E-03
-6.400000E-06,-15.482459217E-03
-6.397500E-06,-15.482459217E-03
-6.395000E-06,+195.933506E-06
-6.392500E-06,-15.482459217E-03
-6.390000E-06,-17.442258193E-03
-6.387500E-06,-15.482459217E-03
-6.385000E-06,+195.933506E-06
-6.382500E-06,-1.763865470E-03
-6.380000E-06,-31.160851941E-03
-6.377500E-06,-15.482459217E-03
-6.375000E-06,+195.933506E-06
-6.372500E-06,-15.482459217E-03
-6.370000E-06,-31.160851941E-03
-6.367500E-06,-15.482459217E-03
-6.365000E-06,-15.482459217E-03
-6.362500E-06,-15.482459217E-03
-6.360000E-06,-31.160851941E-03
-6.357500E-06,-15.482459217E-03
-6.355000E-06,-15.482459217E-03
-6.352500E-06,-15.482459217E-03
-6.350000E-06,-31.160851941E-03
-6.347500E-06,-15.482459217E-03
-6.345000E-06,+195.933506E-06
-6.342500E-06,-15.482459217E-03
-6.340000E-06,-15.482459217E-03
-6.337500E-06,-15.482459217E-03
-6.335000E-06,+195.933506E-06
-6.332500E-06,-15.482459217E-03
-6.330000E-06,-31.160851941E-03
-6.327500E-06,-15.482459217E-03
-6.325000E-06,-15.482459217E-03
-6.322500E-06,-15.482459217E-03
-6.320000E-06,-31.160851941E-03
-6.317500E-06,-15.482459217E-03
-6.315000E-06,-15.482459217E-03
-6.312500E-06,-15.482459217E-03
-6.310000E-06,-15.482459217E-03
-6.307500E-06,-15.482459217E-03
-6.305000E-06,-15.482459217E-03
-6.302500E-06,-15.482459217E-03
-6.300000E-06,-15.482459217E-03
-6.297500E-06,-15.482459217E-03
-6.295000E-06,+195.933506E-06
-6.292500E-06,-15.482459217E-03
-6.290000E-06,-15.482459217E-03
-6.287500E-06,-15.482459217E-03
-6.285000E-06,-15.482459217E-03
-6.282500E-06,-15.482459217E-03
-6.280000E-06,-15.482459217E-03
-6.277500E-06,-15.482459217E-03
-6.275000E-06,-15.482459217E-03
-6.272500E-06,-15.482459217E-03
-6.270000E-06,-15.482459217E-03
-6.267500E-06,-15.482459217E-03
-6.265000E-06,-15.482459217E-03
-6.262500E-06,-15.482459217E-03
-6.260000E-06,-15.482459217E-03
-6.257500E-06,-15.482459217E-03
-6.255000E-06,-15.482459217E-03
-6.252500E-06,-15.482459217E-03
-6.250000E-06,-15.482459217E-03
-6.247500E-06,-15.482459217E-03
-6.245000E-06,-15.482459217E-03
-6.242500E-06,-15.482459217E-03
-6.240000E-06,-15.482459217E-03
-6.237500E-06,-15.482459217E-03
-6.235000E-06,-17.442258194E-03
-6.232500E-06,-15.482459217E-03
-6.230000E-06,-15.482459217E-03
-6.227500E-06,-15.482459217E-03
-6.225000E-06,-15.482459217E-03
-6.222500E-06,-15.482459217E-03
-6.220000E-06,-15.482459217E-03
-6.217500E-06,-15.482459217E-03
-6.215000E-06,-15.482459217E-03
-6.212500E-06,-15.482459217E-03
-6.210000E-06,-15.482459217E-03
-6.207500E-06,-15.482459217E-03
-6.205000E-06,-15.482459217E-03
-6.202500E-06,-15.482459217E-03
-6.200000E-06,-15.482459217E-03
-6.197500E-06,-15.482459217E-03
-6.195000E-06,-15.482459217E-03
-6.192500E-06,-15.482459217E-03
-6.190000E-06,-15.482459217E-03
-6.187500E-06,+195.933506E-06
-6.185000E-06,-1.763865471E-03
-6.182500E-06,-15.482459217E-03
-6.180000E-06,-15.482459217E-03
-6.177500E-06,-15.482459217E-03
-6.175000E-06,-15.482459217E-03
-6.172500E-06,-15.482459217E-03
-6.170000E-06,-15.482459217E-03
-6.167500E-06,-15.482459217E-03
-6.165000E-06,-15.482459217E-03
-6.162500E-06,-15.482459217E-03
-6.160000E-06,-15.482459217E-03
-6.157500E-06,-15.482459217E-03
-6.155000E-06,-15.482459217E-03
-6.152500E-06,-15.482459217E-03
-6.150000E-06,-15.482459217E-03
-6.147500E-06,-15.482459217E-03
-6.145000E-06,-15.482459217E-03
-6.142500E-06,-15.482459217E-03
-6.140000E-06,-15.482459217E-03
-6.137500E-06,-15.482459217E-03
-6.135000E-06,-15.482459217E-03
-6.132500E-06,-15.482459217E-03
-6.130000E-06,-15.482459217E-03
-6.127500E-06,-15.482459217E-03
-6.125000E-06,-15.482459217E-03
-6.122500E-06,-15.482459217E-03
-6.120000E-06,-15.482459217E-03
-6.117500E-06,-15.482459217E-03
-6.115000E-06,-15.482459217E-03
-6.112500E-06,-15.482459217E-03
-6.110000E-06,-31.160851941E-03
-6.107500E-06,-31.160851941E-03
-6.105000E-06,-29.201052963E-03
-6.102500E-06,-13.522660240E-03
-6.100000E-06,-15.482459217E-03
-6.097500E-06,-15.482459217E-03
-6.095000E-06,-15.482459217E-03
-6.092500E-06,-13.522660240E-03
-6.090000E-06,-15.482459217E-03
-6.087500E-06,-15.482459217E-03
-6.085000E-06,-15.482459217E-03
-6.082500E-06,-15.482459217E-03
-6.080000E-06,+195.933506E-06
-6.077500E-06,-15.482459217E-03
-6.075000E-06,-15.482459217E-03
-6.072500E-06,-15.482459217E-03
-6.070000E-06,-15.482459217E-03
-6.067500E-06,-15.482459217E-03
-6.065000E-06,-15.482459217E-03
-6.062500E-06,-15.482459217E-03
-6.060000E-06,-15.482459217E-03
-6.057500E-06,-15.482459217E-03
-6.055000E-06,-15.482459217E-03
-6.052500E-06,-15.482459217E-03
-6.050000E-06,-15.482459217E-03
-6.047500E-06,-15.482459217E-03
-6.045000E-06,-15.482459217E-03
-6.042500E-06,-15.482459217E-03
-6.040000E-06,-31.160851941E-03
-6.037500E-06,-15.482459217E-03
-6.035000E-06,-15.482459217E-03
-6.032500E-06,-15.482459217E-03
-6.030000E-06,-31.160851941E-03
-6.027500E-06,-31.160851941E-03
-6.025000E-06,-15.482459217E-03
-6.022500E-06,+195.933506E-06
-6.020000E-06,-15.482459217E-03
-6.017500E-06,-31.160851941E-03
-6.015000E-06,-15.482459217E-03
-6.012500E-06,-15.482459217E-03
-6.010000E-06,-15.482459217E-03
-6.007500E-06,-31.160851941E-03
-6.005000E-06,-15.482459217E-03
-6.002500E-06,-15.482459217E-03
-6.000000E-06,-15.482459217E-03
-5.997500E-06,-31.160851941E-03
-5.995000E-06,-15.482459217E-03
-5.992500E-06,-15.482459217E-03
-5.990000E-06,-15.482459217E-03
-5.987500E-06,-31.160851941E-03
-5.985000E-06,-29.201052963E-03
-5.982500E-06,-15.482459217E-03
-5.980000E-06,-15.482459217E-03
-5.977500E-06,-15.482459217E-03
-5.975000E-06,-15.482459217E-03
-5.972500E-06,-15.482459217E-03
-5.970000E-06,-15.482459217E-03
-5.967500E-06,-15.482459217E-03
-5.965000E-06,-15.482459217E-03
-5.962500E-06,-15.482459217E-03
-5.960000E-06,-15.482459217E-03
-5.957500E-06,-15.482459217E-03
-5.955000E-06,-15.482459217E-03
-5.952500E-06,-15.482459217E-03
-5.950000E-06,-15.482459217E-03
-5.947500E-06,-15.482459217E-03
-5.945000E-06,-15.482459217E-03
-5.942500E-06,-15.482459217E-03
-5.940000E-06,-15.482459217E-03
-5.937500E-06,-15.482459217E-03
-5.935000E-06,-15.482459217E-03
-5.932500E-06,-31.160851941E-03
-5.930000E-06,-15.482459217E-03
-5.927500E-06,-15.482459217E-03
-5.925000E-06,-15.482459217E-03
-5.922500E-06,-15.482459217E-03
-5.920000E-06,-15.482459217E-03
-5.917500E-06,-15.482459217E-03
-5.915000E-06,-15.482459217E-03
-5.912500E-06,-15.482459217E-03
-5.910000E-06,-15.482459217E-03
-5.907500E-06,-15.482459217E-03
-5.905000E-06,-15.482459217E-03
-5.902500E-06,-31.160851941E-03
-5.900000E-06,-29.201052962E-03
-5.897500E-06,-15.482459217E-03
-5.895000E-06,-15.482459217E-03
-5.892500E-06,-17.442258196E-03
-5.890000E-06,-15.482459217E-03
-5.887500E-06,-15.482459217E-03
-5.885000E-06,-15.482459217E-03
-5.882500E-06,-31.160851941E-03
-5.880000E-06,-15.482459217E-03
-5.877500E-06,-15.482459217E-03
-5.875000E-06,-15.482459217E-03
-5.872500E-06,-15.482459217E-03
-5.870000E-06,-15.482459217E-03
-5.867500E-06,-15.482459217E-03
-5.865000E-06,-15.482459217E-03
-5.862500E-06,-15.482459217E-03
-5.860000E-06,-15.482459217E-03
-5.857500E-06,-15.482459217E-03
-5.855000E-06,-15.482459217E-03
-5.852500E-06,-15.482459217E-03
-5.850000E-06,-15.482459217E-03
-5.847500E-06,-15.482459217E-03
-5.845000E-06,-15.482459217E-03
-5.842500E-06,-15.482459217E-03
-5.840000E-06,-15.482459217E-03
-5.837500E-06,-15.482459217E-03
-5.835000E-06,-15.482459217E-03
-5.832500E-06,-15.482459217E-03
-5.830000E-06,-15.482459217E-03
-5.827500E-06,-15.482459217E-03
-5.825000E-06,-15.482459217E-03
-5.822500E-06,-15.482459217E-03
-5.820000E-06,-15.482459217E-03
-5.817500E-06,-15.482459217E-03
-5.815000E-06,-15.482459217E-03
-5.812500E-06,-15.482459217E-03
-5.810000E-06,-15.482459217E-03
-5.807500E-06,-15.482459217E-03
-5.805000E-06,-15.482459217E-03
-5.802500E-06,-31.160851941E-03
-5.800000E-06,-31.160851941E-03
-5.797500E-06,-15.482459217E-03
-5.795000E-06,-15.482459217E-03
-5.792500E-06,-15.482459217E-03
-5.790000E-06,-15.482459217E-03
-5.787500E-06,-15.482459217E-03
-5.785000E-06,-15.482459217E-03
-5.782500E-06,-15.482459217E-03
-5.780000E-06,-15.482459217E-03
-5.777500E-06,-15.482459217E-03
-5.775000E-06,-15.482459217E-03
-5.772500E-06,-15.482459217E-03
-5.770000E-06,-15.482459217E-03
-5.767500E-06,-15.482459217E-03
-5.765000E-06,-15.482459217E-03
-5.762500E-06,-15.482459217E-03
-5.760000E-06,-15.482459217E-03
-5.757500E-06,-15.482459217E-03
-5.755000E-06,-15.482459217E-03
-5.752500E-06,-15.482459217E-03
-5.750000E-06,-15.482459217E-03
-5.747500E-06,-15.482459217E-03
-5.745000E-06,-15.482459217E-03
-5.742500E-06,-15.482459217E-03
-5.740000E-06,-15.482459217E-03
-5.737500E-06,-15.482459217E-03
-5.735000E-06,-15.482459217E-03
-5.732500E-06,-15.482459217E-03
-5.730000E-06,-31.160851941E-03
-5.727500E-06,-31.160851941E-03
-5.725000E-06,-15.482459217E-03
-5.722500E-06,-15.482459217E-03
-5.720000E-06,-15.482459217E-03
-5.717500E-06,-15.482459217E-03
-5.715000E-06,-15.482459217E-03
-5.712500E-06,-15.482459217E-03
-5.710000E-06,-15.482459217E-03
-5.707500E-06,-17.442258197E-03
-5.705000E-06,-15.482459217E-03
-5.702500E-06,-15.482459217E-03
-5.700000E-06,-15.482459217E-03
-5.697500E-06,-15.482459217E-03
-5.695000E-06,-15.482459217E-03
-5.692500E-06,-15.482459217E-03
-5.690000E-06,-15.482459217E-03
-5.687500E-06,-15.482459217E-03
-5.685000E-06,-15.482459217E-03
-5.682500E-06,-15.482459217E-03
-5.680000E-06,-15.482459217E-03
-5.677500E-06,-15.482459217E-03
-5.675000E-06,-29.201052961E-03
-5.672500E-06,-15.482459217E-03
-5.670000E-06,-15.482459217E-03
-5.667500E-06,-15.482459217E-03
-5.665000E-06,-15.482459217E-03
-5.662500E-06,-15.482459217E-03
-5.660000E-06,-15.482459217E-03
-5.657500E-06,-15.482459217E-03
-5.655000E-06,-17.442258197E-03
-5.652500E-06,-15.482459217E-03
-5.650000E-06,-15.482459217E-03
-5.647500E-06,-15.482459217E-03
-5.645000E-06,-15.482459217E-03
-5.642500E-06,-15.482459217E-03
-5.640000E-06,-15.482459217E-03
-5.637500E-06,-15.482459217E-03
-5.635000E-06,-17.442258197E-03
-5.632500E-06,-15.482459217E-03
-5.630000E-06,-15.482459217E-03
-5.627500E-06,-15.482459217E-03
-5.625000E-06,-15.482459217E-03
-5.622500E-06,-15.482459217E-03
-5.620000E-06,-15.482459217E-03
-5.617500E-06,-15.482459217E-03
-5.615000E-06,-15.482459217E-03
-5.612500E-06,-15.482459217E-03
-5.610000E-06,-15.482459217E-03
-5.607500E-06,-15.482459217E-03
-5.605000E-06,-15.482459217E-03
-5.602500E-06,-15.482459217E-03
-5.600000E-06,-15.482459217E-03
-5.597500E-06,-15.482459217E-03
-5.595000E-06,-15.482459217E-03
-5.592500E-06,-15.482459217E-03
-5.590000E-06,-15.482459217E-03
-5.587500E-06,-15.482459217E-03
-5.585000E-06,-15.482459217E-03
-5.582500E-06,-15.482459217E-03
-5.580000E-06,-15.482459217E-03
-5.577500E-06,-15.482459217E-03
-5.575000E-06,-15.482459217E-03
-5.572500E-06,-15.482459217E-03
-5.570000E-06,-15.482459217E-03
-5.567500E-06,-15.482459217E-03
-5.565000E-06,-15.482459217E-03
-5.562500E-06,-15.482459217E-03
-5.560000E-06,-15.482459217E-03
-5.557500E-06,-15.482459217E-03
-5.555000E-06,-15.482459217E-03
-5.552500E-06,-15.482459217E-03
-5.550000E-06,-15.482459217E-03
-5.547500E-06,-15.482459217E-03
-5.545000E-06,-15.482459217E-03
-5.542500E-06,-15.482459217E-03
-5.540000E-06,-15.482459217E-03
-5.537500E-06,-15.482459217E-03
-5.535000E-06,-15.482459217E-03
-5.532500E-06,-15.482459217E-03
-5.530000E-06,-15.482459217E-03
-5.527500E-06,-31.160851941E-03
-5.525000E-06,-15.482459217E-03
-5.522500E-06,-15.482459217E-03
-5.520000E-06,-29.201052960E-03
-5.517500E-06,-15.482459217E-03
-5.515000E-06,-15.482459217E-03
-5.512500E-06,-15.482459217E-03
-5.510000E-06,-15.482459217E-03
-5.507500E-06,-17.442258198E-03
-5.505000E-06,-31.160851941E-03
-5.502500E-06,-15.482459217E-03
-5.500000E-06,-15.482459217E-03
-5.497500E-06,-15.482459217E-03
-5.495000E-06,-17.442258198E-03
-5.492500E-06,-15.482459217E-03
-5.490000E-06,-15.482459217E-03
-5.487500E-06,-15.482459217E-03
-5.485000E-06,-15.482459217E-03
-5.482500E-06,-15.482459217E-03
-5.480000E-06,-15.482459217E-03
-5.477500E-06,-15.482459217E-03
-5.475000E-06,-15.482459217E-03
-5.472500E-06,-15.482459217E-03
-5.470000E-06,-15.482459217E-03
-5.467500E-06,-15.482459217E-03
-5.465000E-06,-15.482459217E-03
-5.462500E-06,-15.482459217E-03
-5.460000E-06,-15.482459217E-03
-5.457500E-06,-15.482459217E-03
-5.455000E-06,-15.482459217E-03
-5.452500E-06,-15.482459217E-03
-5.450000E-06,-15.482459217E-03
-5.447500E-06,-15.482459217E-03
-5.445000E-06,-15.482459217E-03
-5.442500E-06,-15.482459217E-03
-5.440000E-06,-15.482459217E-03
-5.437500E-06,-15.482459217E-03
-5.435000E-06,-15.482459217E-03
-5.432500E-06,-15.482459217E-03
-5.430000E-06,-15.482459217E-03
-5.427500E-06,-15.482459217E-03
-5.425000E-06,-15.482459217E-03
-5.422500E-06,-15.482459217E-03
-5.420000E-06,-15.482459217E-03
-5.417500E-06,-15.482459217E-03
-5.415000E-06,-15.482459217E-03
-5.412500E-06,-15.482459217E-03
-5.410000E-06,-15.482459217E-03
-5.407500E-06,-15.482459217E-03
-5.405000E-06,-15.482459217E-03
-5.402500E-06,-15.482459217E-03
-5.400000E-06,-15.482459217E-03
-5.397500E-06,-15.482459217E-03
-5.395000E-06,-15.482459217E-03
-5.392500E-06,-15.482459217E-03
-5.390000E-06,-15.482459217E-03
-5.387500E-06,-15.482459217E-03
-5.385000E-06,-15.482459217E-03
-5.382500E-06,-15.482459217E-03
-5.380000E-06,-15.482459217E-03
-5.377500E-06,-15.482459217E-03
-5.375000E-06,-15.482459217E-03
-5.372500E-06,-15.482459217E-03
-5.370000E-06,-15.482459217E-03
-5.367500E-06,-15.482459217E-03
-5.365000E-06,-15.482459217E-03
-5.362500E-06,-15.482459217E-03
-5.360000E-06,-15.482459217E-03
-5.357500E-06,-15.482459217E-03
-5.355000E-06,-15.482459217E-03
-5.352500E-06,-15.482459217E-03
-5.350000E-06,-15.482459217E-03
-5.347500E-06,-15.482459217E-03
-5.345000E-06,-15.482459217E-03
-5.342500E-06,-15.482459217E-03
-5.340000E-06,-15.482459217E-03
-5.337500E-06,-15.482459217E-03
-5.335000E-06,-13.522660236E-03
-5.332500E-06,+195.933506E-06
-5.330000E-06,-15.482459217E-03
-5.327500E-06,-15.482459217E-03
-5.325000E-06,-15.482459217E-03
-5.322500E-06,-15.482459217E-03
-5.320000E-06,-15.482459217E-03
-5.317500E-06,-15.482459217E-03
-5.315000E-06,-15.482459217E-03
-5.312500E-06,-15.482459217E-03
-5.310000E-06,-15.482459217E-03
-5.307500E-06,-15.482459217E-03
-5.305000E-06,-15.482459217E-03
-5.302500E-06,-15.482459217E-03
-5.300000E-06,-15.482459217E-03
-5.297500E-06,-15.482459217E-03
-5.295000E-06,-15.482459217E-03
-5.292500E-06,-15.482459217E-03
-5.290000E-06,-15.482459217E-03
-5.287500E-06,-15.482459217E-03
-5.285000E-06,-15.482459217E-03
-5.282500E-06,-15.482459217E-03
-5.280000E-06,-15.482459217E-03
-5.277500E-06,-15.482459217E-03
-5.275000E-06,+195.933506E-06
-5.272500E-06,-15.482459217E-03
-5.270000E-06,-15.482459217E-03
-5.267500E-06,-15.482459217E-03
-5.265000E-06,-15.482459217E-03
-5.262500E-06,-15.482459217E-03
-5.260000E-06,-15.482459217E-03
-5.257500E-06,-15.482459217E-03
-5.255000E-06,-15.482459217E-03
-5.252500E-06,-15.482459217E-03
-5.250000E-06,-15.482459217E-03
-5.247500E-06,-15.482459217E-03
-5.245000E-06,-15.482459217E-03
-5.242500E-06,-15.482459217E-03
-5.240000E-06,-15.482459217E-03
-5.237500E-06,-17.442258199E-03
-5.235000E-06,-15.482459217E-03
-5.232500E-06,-15.482459217E-03
-5.230000E-06,-15.482459217E-03
-5.227500E-06,-15.482459217E-03
-5.225000E-06,-15.482459217E-03
-5.222500E-06,-15.482459217E-03
-5.220000E-06,-15.482459217E-03
-5.217500E-06,-15.482459217E-03
-5.215000E-06,-15.482459217E-03
-5.212500E-06,-15.482459217E-03
-5.210000E-06,-15.482459217E-03
-5.207500E-06,-15.482459217E-03
-5.205000E-06,-15.482459217E-03
-5.202500E-06,-15.482459217E-03
-5.200000E-06,-15.482459217E-03
-5.197500E-06,-15.482459217E-03
-5.195000E-06,-15.482459217E-03
-5.192500E-06,-15.482459217E-03
-5.190000E-06,-15.482459217E-03
-5.187500E-06,-15.482459217E-03
-5.185000E-06,-15.482459217E-03
-5.182500E-06,-15.482459217E-03
-5.180000E-06,-15.482459217E-03
-5.177500E-06,-15.482459217E-03
-5.175000E-06,-15.482459217E-03
-5.172500E-06,-15.482459217E-03
-5.170000E-06,-15.482459217E-03
-5.167500E-06,-15.482459217E-03
-5.165000E-06,-15.482459217E-03
-5.162500E-06,-15.482459217E-03
-5.160000E-06,-15.482459217E-03
-5.157500E-06,-15.482459217E-03
-5.155000E-06,+195.933506E-06
-5.152500E-06,-15.482459217E-03
-5.150000E-06,-15.482459217E-03
-5.147500E-06,-15.482459217E-03
-5.145000E-06,-15.482459217E-03
-5.142500E-06,-15.482459217E-03
-5.140000E-06,-15.482459217E-03
-5.137500E-06,-15.482459217E-03
-5.135000E-06,-15.482459217E-03
-5.132500E-06,-15.482459217E-03
-5.130000E-06,-15.482459217E-03
-5.127500E-06,-15.482459217E-03
-5.125000E-06,-15.482459217E-03
-5.122500E-06,-15.482459217E-03
-5.120000E-06,-15.482459217E-03
-5.117500E-06,-15.482459217E-03
-5.115000E-06,-15.482459217E-03
-5.112500E-06,-15.482459217E-03
-5.110000E-06,-15.482459217E-03
-5.107500E-06,-15.482459217E-03
-5.105000E-06,-15.482459217E-03
-5.102500E-06,-31.160851941E-03
-5.100000E-06,-29.201052958E-03
-5.097500E-06,-15.482459217E-03
-5.095000E-06,-15.482459217E-03
-5.092500E-06,-31.160851941E-03
-5.090000E-06,-15.482459217E-03
-5.087500E-06,-15.482459217E-03
-5.085000E-06,-15.482459217E-03
-5.082500E-06,-15.482459217E-03
-5.080000E-06,-15.482459217E-03
-5.077500E-06,-15.482459217E-03
-5.075000E-06,-15.482459217E-03
-5.072500E-06,-15.482459217E-03
-5.070000E-06,-15.482459217E-03
-5.067500E-06,-15.482459217E-03
-5.065000E-06,-31.160851941E-03
-5.062500E-06,-15.482459217E-03
-5.060000E-06,-15.482459217E-03
-5.057500E-06,-15.482459217E-03
-5.055000E-06,-15.482459217E-03
-5.052500E-06,-31.160851941E-03
-5.050000E-06,-15.482459217E-03
-5.047500E-06,-15.482459217E-03
-5.045000E-06,-31.160851941E-03
-5.042500E-06,-31.160851941E-03
-5.040000E-06,-15.482459217E-03
-5.037500E-06,-15.482459217E-03
-5.035000E-06,-31.160851941E-03
-5.032500E-06,-15.482459217E-03
-5.030000E-06,-15.482459217E-03
-5.027500E-06,-15.482459217E-03
-5.025000E-06,-15.482459217E-03
-5.022500E-06,-15.482459217E-03
-5.020000E-06,-15.482459217E-03
-5.017500E-06,-15.482459217E-03
-5.015000E-06,-15.482459217E-03
-5.012500E-06,-15.482459217E-03
-5.010000E-06,-15.482459217E-03
-5.007500E-06,-15.482459217E-03
-5.005000E-06,-15.482459217E-03
-5.002500E-06,+195.933506E-06
-5.000000E-06,-15.482459217E-03
-4.997500E-06,-15.482459217E-03
-4.995000E-06,-15.482459217E-03
-4.992500E-06,-15.482459217E-03
-4.990000E-06,-15.482459217E-03
-4.987500E-06,-15.482459217E-03
-4.985000E-06,-15.482459217E-03
-4.982500E-06,-15.482459217E-03
-4.980000E-06,-15.482459217E-03
-4.977500E-06,-17.442258200E-03
-4.975000E-06,-15.482459217E-03
-4.972500E-06,-13.522660234E-03
-4.970000E-06,-15.482459217E-03
-4.967500E-06,-17.442258200E-03
-4.965000E-06,-29.201052957E-03
-4.962500E-06,-15.482459217E-03
-4.960000E-06,-15.482459217E-03
-4.957500E-06,-15.482459217E-03
-4.955000E-06,-15.482459217E-03
-4.952500E-06,+195.933506E-06
-4.950000E-06,-1.763865477E-03
-4.947500E-06,-15.482459217E-03
-4.945000E-06,-15.482459217E-03
-4.942500E-06,+195.933506E-06
-4.940000E-06,-15.482459217E-03
-4.937500E-06,-15.482459217E-03
-4.935000E-06,-15.482459217E-03
-4.932500E-06,-15.482459217E-03
-4.930000E-06,-15.482459217E-03
-4.927500E-06,-15.482459217E-03
-4.925000E-06,-15.482459217E-03
-4.922500E-06,-15.482459217E-03
-4.920000E-06,-15.482459217E-03
-4.917500E-06,-15.482459217E-03
-4.915000E-06,-15.482459217E-03
-4.912500E-06,-15.482459217E-03
-4.910000E-06,-15.482459217E-03
-4.907500E-06,-17.442258201E-03
-4.905000E-06,-15.482459217E-03
-4.902500E-06,-15.482459217E-03
-4.900000E-06,-15.482459217E-03
-4.897500E-06,-15.482459217E-03
-4.895000E-06,-15.482459217E-03
-4.892500E-06,-15.482459217E-03
-4.890000E-06,-15.482459217E-03
-4.887500E-06,-15.482459217E-03
-4.885000E-06,-15.482459217E-03
-4.882500E-06,-15.482459217E-03
-4.880000E-06,-15.482459217E-03
-4.877500E-06,-15.482459217E-03
-4.875000E-06,-15.482459217E-03
-4.872500E-06,-13.522660234E-03
-4.870000E-06,+195.933506E-06
-4.867500E-06,-15.482459217E-03
-4.865000E-06,-15.482459217E-03
-4.862500E-06,-15.482459217E-03
-4.860000E-06,+195.933506E-06
-4.857500E-06,-15.482459217E-03
-4.855000E-06,-15.482459217E-03
-4.852500E-06,-15.482459217E-03
-4.850000E-06,-13.522660234E-03
-4.847500E-06,-1.763865478E-03
-4.845000E-06,-15.482459217E-03
-4.842500E-06,-15.482459217E-03
-4.840000E-06,-15.482459217E-03
-4.837500E-06,-15.482459217E-03
-4.835000E-06,+195.933506E-06
-4.832500E-06,-15.482459217E-03
-4.830000E-06,-15.482459217E-03
-4.827500E-06,-15.482459217E-03
-4.825000E-06,-15.482459217E-03
-4.822500E-06,-15.482459217E-03
-4.820000E-06,-15.482459217E-03
-4.817500E-06,-15.482459217E-03
-4.815000E-06,-15.482459217E-03
-4.812500E-06,-15.482459217E-03
-4.810000E-06,-15.482459217E-03
-4.807500E-06,-15.482459217E-03
-4.805000E-06,-15.482459217E-03
-4.802500E-06,-15.482459217E-03
-4.800000E-06,-15.482459217E-03
-4.797500E-06,-15.482459217E-03
-4.795000E-06,-15.482459217E-03
-4.792500E-06,-15.482459217E-03
-4.790000E-06,-15.482459217E-03
-4.787500E-06,-17.442258201E-03
-4.785000E-06,-29.201052957E-03
-4.782500E-06,-15.482459217E-03
-4.780000E-06,-15.482459217E-03
-4.777500E-06,-15.482459217E-03
-4.775000E-06,-15.482459217E-03
-4.772500E-06,-15.482459217E-03
-4.770000E-06,-15.482459217E-03
-4.767500E-06,+195.933506E-06
-4.765000E-06,-15.482459217E-03
-4.762500E-06,-15.482459217E-03
-4.760000E-06,-15.482459217E-03
-4.757500E-06,-15.482459217E-03
-4.755000E-06,-15.482459217E-03
-4.752500E-06,-15.482459217E-03
-4.750000E-06,-15.482459217E-03
-4.747500E-06,-15.482459217E-03
-4.745000E-06,-15.482459217E-03
-4.742500E-06,-15.482459217E-03
-4.740000E-06,-15.482459217E-03
-4.737500E-06,-15.482459217E-03
-4.735000E-06,-15.482459217E-03
-4.732500E-06,-15.482459217E-03
-4.730000E-06,-15.482459217E-03
-4.727500E-06,-15.482459217E-03
-4.725000E-06,-15.482459217E-03
-4.722500E-06,-15.482459217E-03
-4.720000E-06,-15.482459217E-03
-4.717500E-06,-15.482459217E-03
-4.715000E-06,-15.482459217E-03
-4.712500E-06,-15.482459217E-03
-4.710000E-06,-15.482459217E-03
-4.707500E-06,-15.482459217E-03
-4.705000E-06,-15.482459217E-03
-4.702500E-06,-15.482459217E-03
-4.700000E-06,-15.482459217E-03
-4.697500E-06,-15.482459217E-03
-4.695000E-06,-15.482459217E-03
-4.692500E-06,-15.482459217E-03
-4.690000E-06,-15.482459217E-03
-4.687500E-06,-15.482459217E-03
-4.685000E-06,-15.482459217E-03
-4.682500E-06,-15.482459217E-03
-4.680000E-06,-15.482459217E-03
-4.677500E-06,-15.482459217E-03
-4.675000E-06,-15.482459217E-03
-4.672500E-06,-15.482459217E-03
-4.670000E-06,-15.482459217E-03
-4.667500E-06,-15.482459217E-03
-4.665000E-06,-31.160851941E-03
-4.662500E-06,-15.482459217E-03
-4.660000E-06,-15.482459217E-03
-4.657500E-06,-15.482459217E-03
-4.655000E-06,-15.482459217E-03
-4.652500E-06,-15.482459217E-03
-4.650000E-06,-15.482459217E-03
-4.647500E-06,-15.482459217E-03
-4.645000E-06,-15.482459217E-03
-4.642500E-06,-15.482459217E-03
-4.640000E-06,-15.482459217E-03
-4.637500E-06,-15.482459217E-03
-4.635000E-06,-15.482459217E-03
-4.632500E-06,-15.482459217E-03
-4.630000E-06,-15.482459217E-03
-4.627500E-06,-15.482459217E-03
-4.625000E-06,-15.482459217E-03
-4.622500E-06,-15.482459217E-03
-4.620000E-06,-15.482459217E-03
-4.617500E-06,-15.482459217E-03
-4.615000E-06,-15.482459217E-03
-4.612500E-06,-15.482459217E-03
-4.610000E-06,-15.482459217E-03
-4.607500E-06,-15.482459217E-03
-4.605000E-06,-15.482459217E-03
-4.602500E-06,-15.482459217E-03
-4.600000E-06,-15.482459217E-03
-4.597500E-06,-15.482459217E-03
-4.595000E-06,-15.482459217E-03
-4.592500E-06,-15.482459217E-03
-4.590000E-06,-15.482459217E-03
-4.587500E-06,-15.482459217E-03
-4.585000E-06,-15.482459217E-03
-4.582500E-06,-15.482459217E-03
-4.580000E-06,-15.482459217E-03
-4.577500E-06,-15.482459217E-03
-4.575000E-06,-15.482459217E-03
-4.572500E-06,-15.482459217E-03
-4.570000E-06,-15.482459217E-03
-4.567500E-06,-15.482459217E-03
-4.565000E-06,-15.482459217E-03
-4.562500E-06,-15.482459217E-03
-4.560000E-06,-15.482459217E-03
-4.557500E-06,-15.482459217E-03
-4.555000E-06,-15.482459217E-03
-4.552500E-06,-15.482459217E-03
-4.550000E-06,-15.482459217E-03
-4.547500E-06,-15.482459217E-03
-4.545000E-06,-15.482459217E-03
-4.542500E-06,-31.160851941E-03
-4.540000E-06,-15.482459217E-03
-4.537500E-06,-15.482459217E-03
-4.535000E-06,-15.482459217E-03
-4.532500E-06,-31.160851941E-03
-4.530000E-06,-15.482459217E-03
-4.527500E-06,-15.482459217E-03
-4.525000E-06,-15.482459217E-03
-4.522500E-06,-29.201052955E-03
-4.520000E-06,-15.482459217E-03
-4.517500E-06,-15.482459217E-03
-4.515000E-06,-15.482459217E-03
-4.512500E-06,-15.482459217E-03
-4.510000E-06,-31.160851941E-03
-4.507500E-06,-15.482459217E-03
-4.505000E-06,-15.482459217E-03
-4.502500E-06,-15.482459217E-03
-4.500000E-06,-15.482459217E-03
-4.497500E-06,-15.482459217E-03
-4.495000E-06,+195.933506E-06
-4.492500E-06,-15.482459217E-03
-4.490000E-06,-15.482459217E-03
-4.487500E-06,-15.482459217E-03
-4.485000E-06,-15.482459217E-03
-4.482500E-06,-15.482459217E-03
-4.480000E-06,-15.482459217E-03
-4.477500E-06,-15.482459217E-03
-4.475000E-06,-15.482459217E-03
-4.472500E-06,+195.933506E-06
-4.470000E-06,-15.482459217E-03
-4.467500E-06,-17.442258203E-03
-4.465000E-06,-15.482459217E-03
-4.462500E-06,-15.482459217E-03
-4.460000E-06,-15.482459217E-03
-4.457500E-06,-31.160851941E-03
-4.455000E-06,-15.482459217E-03
-4.452500E-06,-15.482459217E-03
-4.450000E-06,-15.482459217E-03
-4.447500E-06,-15.482459217E-03
-4.445000E-06,-15.482459217E-03
-4.442500E-06,-15.482459217E-03
-4.440000E-06,-15.482459217E-03
-4.437500E-06,-31.160851941E-03
-4.435000E-06,-15.482459217E-03
-4.432500E-06,-15.482459217E-03
-4.430000E-06,-15.482459217E-03
-4.427500E-06,-15.482459217E-03
-4.425000E-06,-15.482459217E-03
-4.422500E-06,-15.482459217E-03
-4.420000E-06,-15.482459217E-03
-4.417500E-06,-15.482459217E-03
-4.415000E-06,-15.482459217E-03
-4.412500E-06,-15.482459217E-03
-4.410000E-06,-15.482459217E-03
-4.407500E-06,-15.482459217E-03
-4.405000E-06,-15.482459217E-03
-4.402500E-06,-15.482459217E-03
-4.400000E-06,-15.482459217E-03
-4.397500E-06,-15.482459217E-03
-4.395000E-06,-15.482459217E-03
-4.392500E-06,-15.482459217E-03
-4.390000E-06,-15.482459217E-03
-4.387500E-06,-15.482459217E-03
-4.385000E-06,-15.482459217E-03
-4.382500E-06,-15.482459217E-03
-4.380000E-06,-15.482459217E-03
-4.377500E-06,-15.482459217E-03
-4.375000E-06,-15.482459217E-03
-4.372500E-06,-15.482459217E-03
-4.370000E-06,-15.482459217E-03
-4.367500E-06,-17.442258203E-03
-4.365000E-06,-15.482459217E-03
-4.362500E-06,-15.482459217E-03
-4.360000E-06,-15.482459217E-03
-4.357500E-06,-17.442258203E-03
-4.355000E-06,-29.201052954E-03
-4.352500E-06,-15.482459217E-03
-4.350000E-06,-1.763865480E-03
-4.347500E-06,-17.442258203E-03
-4.345000E-06,-15.482459217E-03
-4.342500E-06,-15.482459217E-03
-4.340000E-06,-15.482459217E-03
-4.337500E-06,-31.160851941E-03
-4.335000E-06,-31.160851941E-03
-4.332500E-06,-29.201052954E-03
-4.330000E-06,-15.482459217E-03
-4.327500E-06,-15.482459217E-03
-4.325000E-06,-15.482459217E-03
-4.322500E-06,-13.522660231E-03
-4.320000E-06,-1.763865480E-03
-4.317500E-06,-15.482459217E-03
-4.315000E-06,-15.482459217E-03
-4.312500E-06,-13.522660231E-03
-4.310000E-06,-15.482459217E-03
-4.307500E-06,-15.482459217E-03
-4.305000E-06,-15.482459217E-03
-4.302500E-06,-15.482459217E-03
-4.300000E-06,-15.482459217E-03
-4.297500E-06,-15.482459217E-03
-4.295000E-06,-15.482459217E-03
-4.292500E-06,-15.482459217E-03
-4.290000E-06,-15.482459217E-03
-4.287500E-06,-15.482459217E-03
-4.285000E-06,-15.482459217E-03
-4.282500E-06,-15.482459217E-03
-4.280000E-06,-15.482459217E-03
-4.277500E-06,-15.482459217E-03
-4.275000E-06,-15.482459217E-03
-4.272500E-06,-15.482459217E-03
-4.270000E-06,-15.482459217E-03
-4.267500E-06,-15.482459217E-03
-4.265000E-06,-15.482459217E-03
-4.262500E-06,-15.482459217E-03
-4.260000E-06,-15.482459217E-03
-4.257500E-06,-15.482459217E-03
-4.255000E-06,-17.442258204E-03
-4.252500E-06,-15.482459217E-03
-4.250000E-06,-15.482459217E-03
-4.247500E-06,-15.482459217E-03
-4.245000E-06,-15.482459217E-03
-4.242500E-06,-15.482459217E-03
-4.240000E-06,-15.482459217E-03
-4.237500E-06,-15.482459217E-03
-4.235000E-06,-15.482459217E-03
-4.232500E-06,-15.482459217E-03
-4.230000E-06,-15.482459217E-03
-4.227500E-06,-15.482459217E-03
-4.225000E-06,-15.482459217E-03
-4.222500E-06,-15.482459217E-03
-4.220000E-06,-15.482459217E-03
-4.217500E-06,-15.482459217E-03
-4.215000E-06,-1.763865481E-03
-4.212500E-06,-15.482459217E-03
-4.210000E-06,-15.482459217E-03
-4.207500E-06,-15.482459217E-03
-4.205000E-06,-15.482459217E-03
-4.202500E-06,-15.482459217E-03
-4.200000E-06,-15.482459217E-03
-4.197500E-06,-31.160851941E-03
-4.195000E-06,-15.482459217E-03
-4.192500E-06,-15.482459217E-03
-4.190000E-06,-15.482459217E-03
-4.187500E-06,-15.482459217E-03
-4.185000E-06,-15.482459217E-03
-4.182500E-06,-15.482459217E-03
-4.180000E-06,-15.482459217E-03
-4.177500E-06,-15.482459217E-03
-4.175000E-06,+195.933506E-06
-4.172500E-06,+195.933506E-06
-4.170000E-06,-15.482459217E-03
-4.167500E-06,-15.482459217E-03
-4.165000E-06,-15.482459217E-03
-4.162500E-06,+195.933506E-06
-4.160000E-06,+195.933506E-06
-4.157500E-06,-15.482459217E-03
-4.155000E-06,-15.482459217E-03
-4.152500E-06,-15.482459217E-03
-4.150000E-06,-15.482459217E-03
-4.147500E-06,-15.482459217E-03
-4.145000E-06,-15.482459217E-03
-4.142500E-06,-15.482459217E-03
-4.140000E-06,-15.482459217E-03
-4.137500E-06,-15.482459217E-03
-4.135000E-06,-15.482459217E-03
-4.132500E-06,-31.160851941E-03
-4.130000E-06,-29.201052953E-03
-4.127500E-06,-15.482459217E-03
-4.125000E-06,-15.482459217E-03
-4.122500E-06,-15.482459217E-03
-4.120000E-06,-15.482459217E-03
-4.117500E-06,+195.933506E-06
-4.115000E-06,+195.933506E-06
-4.112500E-06,-15.482459217E-03
-4.110000E-06,-15.482459217E-03
-4.107500E-06,-15.482459217E-03
-4.105000E-06,-15.482459217E-03
-4.102500E-06,-15.482459217E-03
-4.100000E-06,-15.482459217E-03
-4.097500E-06,-15.482459217E-03
-4.095000E-06,-15.482459217E-03
-4.092500E-06,-15.482459217E-03
-4.090000E-06,-15.482459217E-03
-4.087500E-06,-15.482459217E-03
-4.085000E-06,-17.442258205E-03
-4.082500E-06,-31.160851941E-03
-4.080000E-06,-15.482459217E-03
-4.077500E-06,-15.482459217E-03
-4.075000E-06,-31.160851941E-03
-4.072500E-06,-29.201052953E-03
-4.070000E-06,-15.482459217E-03
-4.067500E-06,-15.482459217E-03
-4.065000E-06,-15.482459217E-03
-4.062500E-06,-15.482459217E-03
-4.060000E-06,-15.482459217E-03
-4.057500E-06,-15.482459217E-03
-4.055000E-06,-15.482459217E-03
-4.052500E-06,-15.482459217E-03
-4.050000E-06,-15.482459217E-03
-4.047500E-06,-15.482459217E-03
-4.045000E-06,-15.482459217E-03
-4.042500E-06,-15.482459217E-03
-4.040000E-06,-15.482459217E-03
-4.037500E-06,-15.482459217E-03
-4.035000E-06,-15.482459217E-03
-4.032500E-06,-15.482459217E-03
-4.030000E-06,-15.482459217E-03
-4.027500E-06,-15.482459217E-03
-4.025000E-06,-15.482459217E-03
-4.022500E-06,+195.933506E-06
-4.020000E-06,+195.933506E-06
-4.017500E-06,-15.482459217E-03
-4.015000E-06,-15.482459217E-03
-4.012500E-06,-15.482459217E-03
-4.010000E-06,-15.482459217E-03
-4.007500E-06,-15.482459217E-03
-4.005000E-06,-15.482459217E-03
-4.002500E-06,-15.482459217E-03
-4.000000E-06,-15.482459217E-03
-3.997500E-06,-15.482459217E-03
-3.995000E-06,-15.482459217E-03
-3.992500E-06,-15.482459217E-03
-3.990000E-06,-15.482459217E-03
-3.987500E-06,-15.482459217E-03
-3.985000E-06,-15.482459217E-03
-3.982500E-06,-15.482459217E-03
-3.980000E-06,-15.482459217E-03
-3.977500E-06,-15.482459217E-03
-3.975000E-06,-15.482459217E-03
-3.972500E-06,-15.482459217E-03
-3.970000E-06,-15.482459217E-03
-3.967500E-06,-15.482459217E-03
-3.965000E-06,-15.482459217E-03
-3.962500E-06,-15.482459217E-03
-3.960000E-06,-15.482459217E-03
-3.957500E-06,-15.482459217E-03
-3.955000E-06,-15.482459217E-03
-3.952500E-06,-15.482459217E-03
-3.950000E-06,-31.160851941E-03
-3.947500E-06,-15.482459217E-03
-3.945000E-06,-15.482459217E-03
-3.942500E-06,-15.482459217E-03
-3.940000E-06,-31.160851941E-03
-3.937500E-06,-15.482459217E-03
-3.935000E-06,-15.482459217E-03
-3.932500E-06,-15.482459217E-03
-3.930000E-06,-31.160851941E-03
-3.927500E-06,-15.482459217E-03
-3.925000E-06,-15.482459217E-03
-3.922500E-06,-15.482459217E-03
-3.920000E-06,-15.482459217E-03
-3.917500E-06,-15.482459217E-03
-3.915000E-06,-15.482459217E-03
-3.912500E-06,-15.482459217E-03
-3.910000E-06,-15.482459217E-03
-3.907500E-06,-15.482459217E-03
-3.905000E-06,-15.482459217E-03
-3.902500E-06,-15.482459217E-03
-3.900000E-06,-15.482459217E-03
-3.897500E-06,-15.482459217E-03
-3.895000E-06,-15.482459217E-03
-3.892500E-06,-15.482459217E-03
-3.890000E-06,-15.482459217E-03
-3.887500E-06,-15.482459217E-03
-3.885000E-06,-15.482459217E-03
-3.882500E-06,-15.482459217E-03
-3.880000E-06,-15.482459217E-03
-3.877500E-06,-15.482459217E-03
-3.875000E-06,-15.482459217E-03
-3.872500E-06,-15.482459217E-03
-3.870000E-06,-15.482459217E-03
-3.867500E-06,-15.482459217E-03
-3.865000E-06,-15.482459217E-03
-3.862500E-06,-15.482459217E-03
-3.860000E-06,-13.522660229E-03
-3.857500E-06,-15.482459217E-03
-3.855000E-06,-15.482459217E-03
-3.852500E-06,-15.482459217E-03
-3.850000E-06,-15.482459217E-03
-3.847500E-06,-15.482459217E-03
-3.845000E-06,-15.482459217E-03
-3.842500E-06,-15.482459217E-03
-3.840000E-06,-15.482459217E-03
-3.837500E-06,-15.482459217E-03
-3.835000E-06,-15.482459217E-03
-3.832500E-06,-15.482459217E-03
-3.830000E-06,+195.933506E-06
-3.827500E-06,-15.482459217E-03
-3.825000E-06,-15.482459217E-03
-3.822500E-06,-15.482459217E-03
-3.820000E-06,-15.482459217E-03
-3.817500E-06,-15.482459217E-03
-3.815000E-06,-31.160851941E-03
-3.812500E-06,-15.482459217E-03
-3.810000E-06,-15.482459217E-03
-3.807500E-06,-15.482459217E-03
-3.805000E-06,-15.482459217E-03
-3.802500E-06,-15.482459217E-03
-3.800000E-06,-15.482459217E-03
-3.797500E-06,-15.482459217E-03
-3.795000E-06,-15.482459217E-03
-3.792500E-06,-15.482459217E-03
-3.790000E-06,-15.482459217E-03
-3.787500E-06,-15.482459217E-03
-3.785000E-06,-15.482459217E-03
-3.782500E-06,-15.482459217E-03
-3.780000E-06,+195.933506E-06
-3.777500E-06,-15.482459217E-03
-3.775000E-06,-15.482459217E-03
-3.772500E-06,-15.482459217E-03
-3.770000E-06,-15.482459217E-03
-3.767500E-06,-15.482459217E-03
-3.765000E-06,-15.482459217E-03
-3.762500E-06,-15.482459217E-03
-3.760000E-06,-15.482459217E-03
-3.757500E-06,-15.482459217E-03
-3.755000E-06,-15.482459217E-03
-3.752500E-06,-15.482459217E-03
-3.750000E-06,-15.482459217E-03
-3.747500E-06,-15.482459217E-03
-3.745000E-06,-15.482459217E-03
-3.742500E-06,-15.482459217E-03
-3.740000E-06,-15.482459217E-03
-3.737500E-06,-15.482459217E-03
-3.735000E-06,-15.482459217E-03
-3.732500E-06,-15.482459217E-03
-3.730000E-06,-15.482459217E-03
-3.727500E-06,-15.482459217E-03
-3.725000E-06,-15.482459217E-03
-3.722500E-06,-15.482459217E-03
-3.720000E-06,-15.482459217E-03
-3.717500E-06,-15.482459217E-03
-3.715000E-06,-15.482459217E-03
-3.712500E-06,-15.482459217E-03
-3.710000E-06,-15.482459217E-03
-3.707500E-06,-15.482459217E-03
-3.705000E-06,-15.482459217E-03
-3.702500E-06,-15.482459217E-03
-3.700000E-06,-31.160851941E-03
-3.697500E-06,-29.201052952E-03
-3.695000E-06,-15.482459217E-03
-3.692500E-06,-15.482459217E-03
-3.690000E-06,-15.482459217E-03
-3.687500E-06,-15.482459217E-03
-3.685000E-06,-15.482459217E-03
-3.682500E-06,-31.160851941E-03
-3.680000E-06,-15.482459217E-03
-3.677500E-06,-15.482459217E-03
-3.675000E-06,-15.482459217E-03
-3.672500E-06,-15.482459217E-03
-3.670000E-06,-15.482459217E-03
-3.667500E-06,-15.482459217E-03
-3.665000E-06,-15.482459217E-03
-3.662500E-06,-15.482459217E-03
-3.660000E-06,-15.482459217E-03
-3.657500E-06,-15.482459217E-03
-3.655000E-06,-15.482459217E-03
-3.652500E-06,-15.482459217E-03
-3.650000E-06,-15.482459217E-03
-3.647500E-06,-15.482459217E-03
-3.645000E-06,-15.482459217E-03
-3.642500E-06,-15.482459217E-03
-3.640000E-06,-15.482459217E-03
-3.637500E-06,-15.482459217E-03
-3.635000E-06,-15.482459217E-03
-3.632500E-06,-15.482459217E-03
-3.630000E-06,-15.482459217E-03
-3.627500E-06,-15.482459217E-03
-3.625000E-06,-15.482459217E-03
-3.622500E-06,-15.482459217E-03
-3.620000E-06,-15.482459217E-03
-3.617500E-06,-15.482459217E-03
-3.615000E-06,+195.933506E-06
-3.612500E-06,+195.933506E-06
-3.610000E-06,-15.482459217E-03
-3.607500E-06,-15.482459217E-03
-3.605000E-06,-15.482459217E-03
-3.602500E-06,-15.482459217E-03
-3.600000E-06,-15.482459217E-03
-3.597500E-06,-31.160851941E-03
-3.595000E-06,-15.482459217E-03
-3.592500E-06,-15.482459217E-03
-3.590000E-06,-15.482459217E-03
-3.587500E-06,-15.482459217E-03
-3.585000E-06,-15.482459217E-03
-3.582500E-06,-15.482459217E-03
-3.580000E-06,-31.160851941E-03
-3.577500E-06,-29.201052952E-03
-3.575000E-06,-15.482459217E-03
-3.572500E-06,-15.482459217E-03
-3.570000E-06,-15.482459217E-03
-3.567500E-06,-15.482459217E-03
-3.565000E-06,-15.482459217E-03
-3.562500E-06,-17.442258206E-03
-3.560000E-06,-31.160851941E-03
-3.557500E-06,-15.482459217E-03
-3.555000E-06,-15.482459217E-03
-3.552500E-06,-15.482459217E-03
-3.550000E-06,-15.482459217E-03
-3.547500E-06,-15.482459217E-03
-3.545000E-06,-15.482459217E-03
-3.542500E-06,-15.482459217E-03
-3.540000E-06,-15.482459217E-03
-3.537500E-06,-15.482459217E-03
-3.535000E-06,-15.482459217E-03
-3.532500E-06,-15.482459217E-03
-3.530000E-06,-15.482459217E-03
-3.527500E-06,-15.482459217E-03
-3.525000E-06,-15.482459217E-03
-3.522500E-06,-15.482459217E-03
-3.520000E-06,-15.482459217E-03
-3.517500E-06,+195.933506E-06
-3.515000E-06,-15.482459217E-03
-3.512500E-06,-15.482459217E-03
-3.510000E-06,-15.482459217E-03
-3.507500E-06,-15.482459217E-03
-3.505000E-06,-31.160851941E-03
-3.502500E-06,-31.160851941E-03
-3.500000E-06,-29.201052952E-03
-3.497500E-06,-15.482459217E-03
-3.495000E-06,-15.482459217E-03
-3.492500E-06,-15.482459217E-03
-3.490000E-06,-15.482459217E-03
-3.487500E-06,-15.482459217E-03
-3.485000E-06,-17.442258206E-03
-3.482500E-06,-15.482459217E-03
-3.480000E-06,-15.482459217E-03
-3.477500E-06,-1.763865483E-03
-3.475000E-06,-15.482459217E-03
-3.472500E-06,-15.482459217E-03
-3.470000E-06,-15.482459217E-03
-3.467500E-06,-15.482459217E-03
-3.465000E-06,-15.482459217E-03
-3.462500E-06,-15.482459217E-03
-3.460000E-06,-15.482459217E-03
-3.457500E-06,-15.482459217E-03
-3.455000E-06,-15.482459217E-03
-3.452500E-06,-15.482459217E-03
-3.450000E-06,-15.482459217E-03
-3.447500E-06,-15.482459217E-03
-3.445000E-06,-15.482459217E-03
-3.442500E-06,-15.482459217E-03
-3.440000E-06,-15.482459217E-03
-3.437500E-06,-15.482459217E-03
-3.435000E-06,-31.160851941E-03
-3.432500E-06,-31.160851941E-03
-3.430000E-06,-31.160851941E-03
-3.427500E-06,-31.160851941E-03
-3.425000E-06,-31.160851941E-03
-3.422500E-06,-15.482459217E-03
-3.420000E-06,-15.482459217E-03
-3.417500E-06,-15.482459217E-03
-3.415000E-06,-15.482459217E-03
-3.412500E-06,-15.482459217E-03
-3.410000E-06,-31.160851941E-03
-3.407500E-06,-15.482459217E-03
-3.405000E-06,-15.482459217E-03
-3.402500E-06,-15.482459217E-03
-3.400000E-06,-15.482459217E-03
-3.397500E-06,-15.482459217E-03
-3.395000E-06,-15.482459217E-03
-3.392500E-06,-15.482459217E-03
-3.390000E-06,-31.160851941E-03
-3.387500E-06,-31.160851941E-03
-3.385000E-06,-15.482459217E-03
-3.382500E-06,-15.482459217E-03
-3.380000E-06,-31.160851941E-03
-3.377500E-06,-31.160851941E-03
-3.375000E-06,-15.482459217E-03
-3.372500E-06,-15.482459217E-03
-3.370000E-06,-15.482459217E-03
-3.367500E-06,-15.482459217E-03
-3.365000E-06,-15.482459217E-03
-3.362500E-06,-15.482459217E-03
-3.360000E-06,-15.482459217E-03
-3.357500E-06,-31.160851941E-03
-3.355000E-06,-15.482459217E-03
-3.352500E-06,-15.482459217E-03
-3.350000E-06,-15.482459217E-03
-3.347500E-06,-15.482459217E-03
-3.345000E-06,-15.482459217E-03
-3.342500E-06,-15.482459217E-03
-3.340000E-06,-15.482459217E-03
-3.337500E-06,-15.482459217E-03
-3.335000E-06,-15.482459217E-03
-3.332500E-06,-15.482459217E-03
-3.330000E-06,-15.482459217E-03
-3.327500E-06,-15.482459217E-03
-3.325000E-06,-13.522660229E-03
-3.322500E-06,+195.933506E-06
-3.320000E-06,-15.482459217E-03
-3.317500E-06,+195.933506E-06
-3.315000E-06,-15.482459217E-03
-3.312500E-06,-15.482459217E-03
-3.310000E-06,-15.482459217E-03
-3.307500E-06,-15.482459217E-03
-3.305000E-06,-15.482459217E-03
-3.302500E-06,-15.482459217E-03
-3.300000E-06,-15.482459217E-03
-3.297500E-06,-15.482459217E-03
-3.295000E-06,-15.482459217E-03
-3.292500E-06,-15.482459217E-03
-3.290000E-06,-15.482459217E-03
-3.287500E-06,-15.482459217E-03
-3.285000E-06,-31.160851941E-03
-3.282500E-06,-15.482459217E-03
-3.280000E-06,-15.482459217E-03
-3.277500E-06,-15.482459217E-03
-3.275000E-06,-31.160851941E-03
-3.272500E-06,-15.482459217E-03
-3.270000E-06,-15.482459217E-03
-3.267500E-06,-15.482459217E-03
-3.265000E-06,-15.482459217E-03
-3.262500E-06,-31.160851941E-03
-3.260000E-06,-15.482459217E-03
-3.257500E-06,-15.482459217E-03
-3.255000E-06,-31.160851941E-03
-3.252500E-06,-15.482459217E-03
-3.250000E-06,-15.482459217E-03
-3.247500E-06,-15.482459217E-03
-3.245000E-06,-15.482459217E-03
-3.242500E-06,-15.482459217E-03
-3.240000E-06,+195.933506E-06
-3.237500E-06,+195.933506E-06
-3.235000E-06,-15.482459217E-03
-3.232500E-06,-15.482459217E-03
-3.230000E-06,-15.482459217E-03
-3.227500E-06,-15.482459217E-03
-3.225000E-06,-15.482459217E-03
-3.222500E-06,-15.482459217E-03
-3.220000E-06,-15.482459217E-03
-3.217500E-06,-15.482459217E-03
-3.215000E-06,-15.482459217E-03
-3.212500E-06,-15.482459217E-03
-3.210000E-06,-15.482459217E-03
-3.207500E-06,-15.482459217E-03
-3.205000E-06,-31.160851941E-03
-3.202500E-06,-31.160851941E-03
-3.200000E-06,-15.482459217E-03
-3.197500E-06,-15.482459217E-03
-3.195000E-06,-15.482459217E-03
-3.192500E-06,-15.482459217E-03
-3.190000E-06,-15.482459217E-03
-3.187500E-06,-15.482459217E-03
-3.185000E-06,-15.482459217E-03
-3.182500E-06,-15.482459217E-03
-3.180000E-06,-15.482459217E-03
-3.177500E-06,-15.482459217E-03
-3.175000E-06,-15.482459217E-03
-3.172500E-06,-15.482459217E-03
-3.170000E-06,-15.482459217E-03
-3.167500E-06,-15.482459217E-03
-3.165000E-06,-15.482459217E-03
-3.162500E-06,-15.482459217E-03
-3.160000E-06,-15.482459217E-03
-3.157500E-06,-15.482459217E-03
-3.155000E-06,-15.482459217E-03
-3.152500E-06,-29.201052952E-03
-3.150000E-06,-31.160851941E-03
-3.147500E-06,-15.482459217E-03
-3.145000E-06,-15.482459217E-03
-3.142500E-06,-15.482459217E-03
-3.140000E-06,-15.482459217E-03
-3.137500E-06,-15.482459217E-03
-3.135000E-06,-15.482459217E-03
-3.132500E-06,-15.482459217E-03
-3.130000E-06,-15.482459217E-03
-3.127500E-06,-15.482459217E-03
-3.125000E-06,-15.482459217E-03
-3.122500E-06,-15.482459217E-03
-3.120000E-06,-15.482459217E-03
-3.117500E-06,-31.160851941E-03
-3.115000E-06,-31.160851941E-03
-3.112500E-06,-15.482459217E-03
-3.110000E-06,-15.482459217E-03
-3.107500E-06,-17.442258206E-03
-3.105000E-06,-29.201052952E-03
-3.102500E-06,-15.482459217E-03
-3.100000E-06,-15.482459217E-03
-3.097500E-06,-15.482459217E-03
-3.095000E-06,-15.482459217E-03
-3.092500E-06,-15.482459217E-03
-3.090000E-06,-15.482459217E-03
-3.087500E-06,-15.482459217E-03
-3.085000E-06,-15.482459217E-03
-3.082500E-06,-15.482459217E-03
-3.080000E-06,-15.482459217E-03
-3.077500E-06,-31.160851941E-03
-3.075000E-06,-15.482459217E-03
-3.072500E-06,-15.482459217E-03
-3.070000E-06,-15.482459217E-03
-3.067500E-06,-15.482459217E-03
-3.065000E-06,-15.482459217E-03
-3.062500E-06,-15.482459217E-03
-3.060000E-06,-15.482459217E-03
-3.057500E-06,-17.442258206E-03
-3.055000E-06,-15.482459217E-03
-3.052500E-06,-15.482459217E-03
-3.050000E-06,-15.482459217E-03
-3.047500E-06,-15.482459217E-03
-3.045000E-06,-15.482459217E-03
-3.042500E-06,-15.482459217E-03
-3.040000E-06,-15.482459217E-03
-3.037500E-06,-15.482459217E-03
-3.035000E-06,-15.482459217E-03
-3.032500E-06,-15.482459217E-03
-3.030000E-06,-15.482459217E-03
-3.027500E-06,-15.482459217E-03
-3.025000E-06,-15.482459217E-03
-3.022500E-06,-15.482459217E-03
-3.020000E-06,-15.482459217E-03
-3.017500E-06,-15.482459217E-03
-3.015000E-06,-15.482459217E-03
-3.012500E-06,-29.201052952E-03
-3.010000E-06,-15.482459217E-03
-3.007500E-06,-15.482459217E-03
-3.005000E-06,-15.482459217E-03
-3.002500E-06,-15.482459217E-03
-3.000000E-06,-15.482459217E-03
-2.997500E-06,-15.482459217E-03
-2.995000E-06,-15.482459217E-03
-2.992500E-06,-31.160851941E-03
-2.990000E-06,-31.160851941E-03
-2.987500E-06,-15.482459217E-03
-2.985000E-06,-31.160851941E-03
-2.982500E-06,-15.482459217E-03
-2.980000E-06,-15.482459217E-03
-2.977500E-06,-15.482459217E-03
-2.975000E-06,-15.482459217E-03
-2.972500E-06,-15.482459217E-03
-2.970000E-06,-15.482459217E-03
-2.967500E-06,-15.482459217E-03
-2.965000E-06,-15.482459217E-03
-2.962500E-06,-15.482459217E-03
-2.960000E-06,-15.482459217E-03
-2.957500E-06,-15.482459217E-03
-2.955000E-06,-15.482459217E-03
-2.952500E-06,-15.482459217E-03
-2.950000E-06,-15.482459217E-03
-2.947500E-06,-15.482459217E-03
-2.945000E-06,-15.482459217E-03
-2.942500E-06,-15.482459217E-03
-2.940000E-06,-15.482459217E-03
-2.937500E-06,-15.482459217E-03
-2.935000E-06,-17.442258206E-03
-2.932500E-06,-15.482459217E-03
-2.930000E-06,-15.482459217E-03
-2.927500E-06,-1.763865483E-03
-2.925000E-06,-15.482459217E-03
-2.922500E-06,-15.482459217E-03
-2.920000E-06,-15.482459217E-03
-2.917500E-06,-15.482459217E-03
-2.915000E-06,-15.482459217E-03
-2.912500E-06,-15.482459217E-03
-2.910000E-06,-15.482459217E-03
-2.907500E-06,-15.482459217E-03
-2.905000E-06,-15.482459217E-03
-2.902500E-06,-31.160851941E-03
-2.900000E-06,-29.201052952E-03
-2.897500E-06,-15.482459217E-03
-2.895000E-06,-15.482459217E-03
-2.892500E-06,-15.482459217E-03
-2.890000E-06,-15.482459217E-03
-2.887500E-06,-15.482459217E-03
-2.885000E-06,-15.482459217E-03
-2.882500E-06,-15.482459217E-03
-2.880000E-06,-15.482459217E-03
-2.877500E-06,-15.482459217E-03
-2.875000E-06,-15.482459217E-03
-2.872500E-06,-15.482459217E-03
-2.870000E-06,-15.482459217E-03
-2.867500E-06,-15.482459217E-03
-2.865000E-06,-15.482459217E-03
-2.862500E-06,-15.482459217E-03
-2.860000E-06,-15.482459217E-03
-2.857500E-06,-15.482459217E-03
-2.855000E-06,-15.482459217E-03
-2.852500E-06,-15.482459217E-03
-2.850000E-06,-15.482459217E-03
-2.847500E-06,-15.482459217E-03
-2.845000E-06,-15.482459217E-03
-2.842500E-06,-15.482459217E-03
-2.840000E-06,-15.482459217E-03
-2.837500E-06,-15.482459217E-03
-2.835000E-06,-15.482459217E-03
-2.832500E-06,-15.482459217E-03
-2.830000E-06,-15.482459217E-03
-2.827500E-06,-15.482459217E-03
-2.825000E-06,-15.482459217E-03
-2.822500E-06,-15.482459217E-03
-2.820000E-06,-15.482459217E-03
-2.817500E-06,-15.482459217E-03
-2.815000E-06,-15.482459217E-03
-2.812500E-06,-15.482459217E-03
-2.810000E-06,-15.482459217E-03
-2.807500E-06,-15.482459217E-03
-2.805000E-06,-15.482459217E-03
-2.802500E-06,-15.482459217E-03
-2.800000E-06,-15.482459217E-03
-2.797500E-06,-15.482459217E-03
-2.795000E-06,-15.482459217E-03
-2.792500E-06,-15.482459217E-03
-2.790000E-06,-15.482459217E-03
-2.787500E-06,-15.482459217E-03
-2.785000E-06,-15.482459217E-03
-2.782500E-06,-15.482459217E-03
-2.780000E-06,-15.482459217E-03
-2.777500E-06,-15.482459217E-03
-2.775000E-06,-15.482459217E-03
-2.772500E-06,-15.482459217E-03
-2.770000E-06,-15.482459217E-03
-2.767500E-06,-15.482459217E-03
-2.765000E-06,-15.482459217E-03
-2.762500E-06,-15.482459217E-03
-2.760000E-06,-15.482459217E-03
-2.757500E-06,-15.482459217E-03
-2.755000E-06,-15.482459217E-03
-2.752500E-06,-15.482459217E-03
-2.750000E-06,-15.482459217E-03
-2.747500E-06,-13.522660229E-03
-2.745000E-06,-15.482459217E-03
-2.742500E-06,-15.482459217E-03
-2.740000E-06,-29.201052952E-03
-2.737500E-06,-15.482459217E-03
-2.735000E-06,-15.482459217E-03
-2.732500E-06,-15.482459217E-03
-2.730000E-06,-15.482459217E-03
-2.727500E-06,-15.482459217E-03
-2.725000E-06,-15.482459217E-03
-2.722500E-06,+195.933506E-06
-2.720000E-06,-15.482459217E-03
-2.717500E-06,-15.482459217E-03
-2.715000E-06,-15.482459217E-03
-2.712500E-06,-15.482459217E-03
-2.710000E-06,-15.482459217E-03
-2.707500E-06,-15.482459217E-03
-2.705000E-06,-15.482459217E-03
-2.702500E-06,-15.482459217E-03
-2.700000E-06,-15.482459217E-03
-2.697500E-06,-15.482459217E-03
-2.695000E-06,-15.482459217E-03
-2.692500E-06,-15.482459217E-03
-2.690000E-06,-15.482459217E-03
-2.687500E-06,-13.522660229E-03
-2.685000E-06,-15.482459217E-03
-2.682500E-06,+195.933506E-06
-2.680000E-06,+195.933506E-06
-2.677500E-06,-15.482459217E-03
-2.675000E-06,-15.482459217E-03
-2.672500E-06,-15.482459217E-03
-2.670000E-06,-15.482459217E-03
-2.667500E-06,-15.482459217E-03
-2.665000E-06,-15.482459217E-03
-2.662500E-06,-15.482459217E-03
-2.660000E-06,-15.482459217E-03
-2.657500E-06,-15.482459217E-03
-2.655000E-06,-15.482459217E-03
-2.652500E-06,-31.160851941E-03
-2.650000E-06,-15.482459217E-03
-2.647500E-06,-15.482459217E-03
-2.645000E-06,-15.482459217E-03
-2.642500E-06,-15.482459217E-03
-2.640000E-06,-15.482459217E-03
-2.637500E-06,-15.482459217E-03
-2.635000E-06,-15.482459217E-03
-2.632500E-06,-15.482459217E-03
-2.630000E-06,-15.482459217E-03
-2.627500E-06,-15.482459217E-03
-2.625000E-06,-15.482459217E-03
-2.622500E-06,-15.482459217E-03
-2.620000E-06,-15.482459217E-03
-2.617500E-06,-15.482459217E-03
-2.615000E-06,-15.482459217E-03
-2.612500E-06,-13.522660229E-03
-2.610000E-06,-15.482459217E-03
-2.607500E-06,-15.482459217E-03
-2.605000E-06,-15.482459217E-03
-2.602500E-06,-15.482459217E-03
-2.600000E-06,-15.482459217E-03
-2.597500E-06,-17.442258206E-03
-2.595000E-06,-15.482459217E-03
-2.592500E-06,-15.482459217E-03
-2.590000E-06,-15.482459217E-03
-2.587500E-06,-15.482459217E-03
-2.585000E-06,-15.482459217E-03
-2.582500E-06,-15.482459217E-03
-2.580000E-06,-15.482459217E-03
-2.577500E-06,-31.160851941E-03
-2.575000E-06,-15.482459217E-03
-2.572500E-06,-15.482459217E-03
-2.570000E-06,-15.482459217E-03
-2.567500E-06,-31.160851941E-03
-2.565000E-06,-31.160851941E-03
-2.562500E-06,-15.482459217E-03
-2.560000E-06,-15.482459217E-03
-2.557500E-06,-15.482459217E-03
-2.555000E-06,-15.482459217E-03
-2.552500E-06,-15.482459217E-03
-2.550000E-06,-15.482459217E-03
-2.547500E-06,-15.482459217E-03
-2.545000E-06,-15.482459217E-03
-2.542500E-06,-15.482459217E-03
-2.540000E-06,-15.482459217E-03
-2.537500E-06,-29.201052952E-03
-2.535000E-06,-15.482459217E-03
-2.532500E-06,-15.482459217E-03
-2.530000E-06,-15.482459217E-03
-2.527500E-06,-15.482459217E-03
-2.525000E-06,-15.482459217E-03
-2.522500E-06,-13.522660229E-03
-2.520000E-06,-15.482459217E-03
-2.517500E-06,-15.482459217E-03
-2.515000E-06,-15.482459217E-03
-2.512500E-06,-15.482459217E-03
-2.510000E-06,-15.482459217E-03
-2.507500E-06,-15.482459217E-03
-2.505000E-06,-15.482459217E-03
-2.502500E-06,-15.482459217E-03
-2.500000E-06,-15.482459217E-03
-2.497500E-06,-15.482459217E-03
-2.495000E-06,-15.482459217E-03
-2.492500E-06,-15.482459217E-03
-2.490000E-06,-15.482459217E-03
-2.487500E-06,-15.482459217E-03
-2.485000E-06,-15.482459217E-03
-2.482500E-06,-15.482459217E-03
-2.480000E-06,-15.482459217E-03
-2.477500E-06,-15.482459217E-03
-2.475000E-06,-15.482459217E-03
-2.472500E-06,-15.482459217E-03
-2.470000E-06,-15.482459217E-03
-2.467500E-06,-15.482459217E-03
-2.465000E-06,-15.482459217E-03
-2.462500E-06,-15.482459217E-03
-2.460000E-06,-15.482459217E-03
-2.457500E-06,-15.482459217E-03
-2.455000E-06,-15.482459217E-03
-2.452500E-06,-15.482459217E-03
-2.450000E-06,-15.482459217E-03
-2.447500E-06,-15.482459217E-03
-2.445000E-06,-31.160851941E-03
-2.442500E-06,-31.160851941E-03
-2.440000E-06,-15.482459217E-03
-2.437500E-06,-15.482459217E-03
-2.435000E-06,-17.442258206E-03
-2.432500E-06,-15.482459217E-03
-2.430000E-06,-15.482459217E-03
-2.427500E-06,-15.482459217E-03
-2.425000E-06,-31.160851941E-03
-2.422500E-06,-15.482459217E-03
-2.420000E-06,-15.482459217E-03
-2.417500E-06,-15.482459217E-03
-2.415000E-06,-31.160851941E-03
-2.412500E-06,-29.201052952E-03
-2.410000E-06,-15.482459217E-03
-2.407500E-06,-15.482459217E-03
-2.405000E-06,-17.442258206E-03
-2.402500E-06,-15.482459217E-03
-2.400000E-06,-15.482459217E-03
-2.397500E-06,-15.482459217E-03
-2.395000E-06,-15.482459217E-03
-2.392500E-06,-15.482459217E-03
-2.390000E-06,-15.482459217E-03
-2.387500E-06,-15.482459217E-03
-2.385000E-06,-15.482459217E-03
-2.382500E-06,-15.482459217E-03
-2.380000E-06,-31.160851941E-03
-2.377500E-06,-31.160851941E-03
-2.375000E-06,-15.482459217E-03
-2.372500E-06,-31.160851941E-03
-2.370000E-06,-31.160851941E-03
-2.367500E-06,-15.482459217E-03
-2.365000E-06,-31.160851941E-03
-2.362500E-06,-31.160851941E-03
-2.360000E-06,-31.160851941E-03
-2.357500E-06,-15.482459217E-03
-2.355000E-06,-15.482459217E-03
-2.352500E-06,-15.482459217E-03
-2.350000E-06,-15.482459217E-03
-2.347500E-06,-15.482459217E-03
-2.345000E-06,-15.482459217E-03
-2.342500E-06,-15.482459217E-03
-2.340000E-06,-31.160851941E-03
-2.337500E-06,-15.482459217E-03
-2.335000E-06,-15.482459217E-03
-2.332500E-06,-31.160851941E-03
-2.330000E-06,-31.160851941E-03
-2.327500E-06,-15.482459217E-03
-2.325000E-06,-15.482459217E-03
-2.322500E-06,-15.482459217E-03
-2.320000E-06,-15.482459217E-03
-2.317500E-06,-15.482459217E-03
-2.315000E-06,-15.482459217E-03
-2.312500E-06,-15.482459217E-03
-2.310000E-06,-15.482459217E-03
-2.307500E-06,-15.482459217E-03
-2.305000E-06,-15.482459217E-03
-2.302500E-06,-31.160851941E-03
-2.300000E-06,-31.160851941E-03
-2.297500E-06,-15.482459217E-03
-2.295000E-06,-15.482459217E-03
-2.292500E-06,-31.160851941E-03
-2.290000E-06,-15.482459217E-03
-2.287500E-06,-15.482459217E-03
-2.285000E-06,-15.482459217E-03
-2.282500E-06,-15.482459217E-03
-2.280000E-06,-15.482459217E-03
-2.277500E-06,-31.160851941E-03
-2.275000E-06,-31.160851941E-03
-2.272500E-06,-15.482459217E-03
-2.270000E-06,-15.482459217E-03
-2.267500E-06,-31.160851941E-03
-2.265000E-06,-29.201052952E-03
-2.262500E-06,-15.482459217E-03
-2.260000E-06,-15.482459217E-03
-2.257500E-06,-15.482459217E-03
-2.255000E-06,-15.482459217E-03
-2.252500E-06,-15.482459217E-03
-2.250000E-06,-15.482459217E-03
-2.247500E-06,-15.482459217E-03
-2.245000E-06,-15.482459217E-03
-2.242500E-06,-15.482459217E-03
-2.240000E-06,-15.482459217E-03
-2.237500E-06,-15.482459217E-03
-2.235000E-06,-15.482459217E-03
-2.232500E-06,-15.482459217E-03
-2.230000E-06,-15.482459217E-03
-2.227500E-06,-15.482459217E-03
-2.225000E-06,-15.482459217E-03
-2.222500E-06,-15.482459217E-03
-2.220000E-06,-15.482459217E-03
-2.217500E-06,-15.482459217E-03
-2.215000E-06,-15.482459217E-03
-2.212500E-06,-15.482459217E-03
-2.210000E-06,-15.482459217E-03
-2.207500E-06,-15.482459217E-03
-2.205000E-06,-31.160851941E-03
-2.202500E-06,-15.482459217E-03
-2.200000E-06,-15.482459217E-03
-2.197500E-06,-15.482459217E-03
-2.195000E-06,-15.482459217E-03
-2.192500E-06,-15.482459217E-03
-2.190000E-06,-15.482459217E-03
-2.187500E-06,-15.482459217E-03
-2.185000E-06,-15.482459217E-03
-2.182500E-06,-15.482459217E-03
-2.180000E-06,-15.482459217E-03
-2.177500E-06,-15.482459217E-03
-2.175000E-06,-15.482459217E-03
-2.172500E-06,-15.482459217E-03
-2.170000E-06,-15.482459217E-03
-2.167500E-06,-15.482459217E-03
-2.165000E-06,-15.482459217E-03
-2.162500E-06,-15.482459217E-03
-2.160000E-06,-15.482459217E-03
-2.157500E-06,-15.482459217E-03
-2.155000E-06,-15.482459217E-03
-2.152500E-06,-15.482459217E-03
-2.150000E-06,-15.482459217E-03
-2.147500E-06,-15.482459217E-03
-2.145000E-06,-15.482459217E-03
-2.142500E-06,-15.482459217E-03
-2.140000E-06,-15.482459217E-03
-2.137500E-06,-15.482459217E-03
-2.135000E-06,-15.482459217E-03
-2.132500E-06,-31.160851941E-03
-2.130000E-06,-31.160851941E-03
-2.127500E-06,-15.482459217E-03
-2.125000E-06,-15.482459217E-03
-2.122500E-06,-15.482459217E-03
-2.120000E-06,-15.482459217E-03
-2.117500E-06,-15.482459217E-03
-2.115000E-06,-15.482459217E-03
-2.112500E-06,-15.482459217E-03
-2.110000E-06,-15.482459217E-03
-2.107500E-06,-15.482459217E-03
-2.105000E-06,-15.482459217E-03
-2.102500E-06,-15.482459217E-03
-2.100000E-06,-15.482459217E-03
-2.097500E-06,-15.482459217E-03
-2.095000E-06,-15.482459217E-03
-2.092500E-06,-15.482459217E-03
-2.090000E-06,-15.482459217E-03
-2.087500E-06,-1.763865482E-03
-2.085000E-06,-15.482459217E-03
-2.082500E-06,-15.482459217E-03
-2.080000E-06,-15.482459217E-03
-2.077500E-06,-15.482459217E-03
-2.075000E-06,-15.482459217E-03
-2.072500E-06,-31.160851941E-03
-2.070000E-06,-15.482459217E-03
-2.067500E-06,-15.482459217E-03
-2.065000E-06,-17.442258206E-03
-2.062500E-06,-31.160851941E-03
-2.060000E-06,-15.482459217E-03
-2.057500E-06,-15.482459217E-03
-2.055000E-06,-15.482459217E-03
-2.052500E-06,-15.482459217E-03
-2.050000E-06,-15.482459217E-03
-2.047500E-06,-15.482459217E-03
-2.045000E-06,-15.482459217E-03
-2.042500E-06,-15.482459217E-03
-2.040000E-06,-15.482459217E-03
-2.037500E-06,-15.482459217E-03
-2.035000E-06,-17.442258206E-03
-2.032500E-06,-15.482459217E-03
-2.030000E-06,-15.482459217E-03
-2.027500E-06,-15.482459217E-03
-2.025000E-06,-15.482459217E-03
-2.022500E-06,-15.482459217E-03
-2.020000E-06,-15.482459217E-03
-2.017500E-06,-15.482459217E-03
-2.015000E-06,-15.482459217E-03
-2.012500E-06,-15.482459217E-03
-2.010000E-06,-15.482459217E-03
-2.007500E-06,-31.160851941E-03
-2.005000E-06,-15.482459217E-03
-2.002500E-06,-15.482459217E-03
-2.000000E-06,+195.933506E-06
-1.997500E-06,-15.482459217E-03
-1.995000E-06,-15.482459217E-03
-1.992500E-06,-13.522660229E-03
-1.990000E-06,-1.763865482E-03
-1.987500E-06,-15.482459217E-03
-1.985000E-06,-15.482459217E-03
-1.982500E-06,-15.482459217E-03
-1.980000E-06,+195.933506E-06
-1.977500E-06,-17.442258206E-03
-1.975000E-06,-31.160851941E-03
-1.972500E-06,-15.482459217E-03
-1.970000E-06,-15.482459217E-03
-1.967500E-06,-17.442258206E-03
-1.965000E-06,-29.201052952E-03
-1.962500E-06,-15.482459217E-03
-1.960000E-06,-15.482459217E-03
-1.957500E-06,-17.442258206E-03
-1.955000E-06,-15.482459217E-03
-1.952500E-06,-15.482459217E-03
-1.950000E-06,-15.482459217E-03
-1.947500E-06,-15.482459217E-03
-1.945000E-06,-15.482459217E-03
-1.942500E-06,-15.482459217E-03
-1.940000E-06,-15.482459217E-03
-1.937500E-06,-15.482459217E-03
-1.935000E-06,-15.482459217E-03
-1.932500E-06,-31.160851941E-03
-1.930000E-06,-15.482459217E-03
-1.927500E-06,-15.482459217E-03
-1.925000E-06,-31.160851941E-03
-1.922500E-06,-29.201052952E-03
-1.920000E-06,-31.160851941E-03
-1.917500E-06,-31.160851941E-03
-1.915000E-06,-15.482459217E-03
-1.912500E-06,-15.482459217E-03
-1.910000E-06,-15.482459217E-03
-1.907500E-06,-15.482459217E-03
-1.905000E-06,-15.482459217E-03
-1.902500E-06,-15.482459217E-03
-1.900000E-06,-15.482459217E-03
-1.897500E-06,-15.482459217E-03
-1.895000E-06,-15.482459217E-03
-1.892500E-06,-17.442258206E-03
-1.890000E-06,-15.482459217E-03
-1.887500E-06,-15.482459217E-03
-1.885000E-06,-15.482459217E-03
-1.882500E-06,-15.482459217E-03
-1.880000E-06,-15.482459217E-03
-1.877500E-06,-15.482459217E-03
-1.875000E-06,-15.482459217E-03
-1.872500E-06,-15.482459217E-03
-1.870000E-06,-15.482459217E-03
-1.867500E-06,-15.482459217E-03
-1.865000E-06,-15.482459217E-03
-1.862500E-06,-15.482459217E-03
-1.860000E-06,-15.482459217E-03
-1.857500E-06,-15.482459217E-03
-1.855000E-06,-15.482459217E-03
-1.852500E-06,-15.482459217E-03
-1.850000E-06,-15.482459217E-03
-1.847500E-06,-1.763865482E-03
-1.845000E-06,-15.482459217E-03
-1.842500E-06,-15.482459217E-03
-1.840000E-06,-15.482459217E-03
-1.837500E-06,-15.482459217E-03
-1.835000E-06,-15.482459217E-03
-1.832500E-06,-15.482459217E-03
-1.830000E-06,-15.482459217E-03
-1.827500E-06,-15.482459217E-03
-1.825000E-06,-15.482459217E-03
-1.822500E-06,-15.482459217E-03
-1.820000E-06,-15.482459217E-03
-1.817500E-06,-15.482459217E-03
-1.815000E-06,-15.482459217E-03
-1.812500E-06,-15.482459217E-03
-1.810000E-06,-15.482459217E-03
-1.807500E-06,-15.482459217E-03
-1.805000E-06,-15.482459217E-03
-1.802500E-06,-15.482459217E-03
-1.800000E-06,-15.482459217E-03
-1.797500E-06,+195.933506E-06
-1.795000E-06,-1.763865482E-03
-1.792500E-06,-15.482459217E-03
-1.790000E-06,-15.482459217E-03
-1.787500E-06,-15.482459217E-03
-1.785000E-06,-1.763865482E-03
-1.782500E-06,-15.482459217E-03
-1.780000E-06,-31.160851941E-03
-1.777500E-06,-15.482459217E-03
-1.775000E-06,-15.482459217E-03
-1.772500E-06,-31.160851941E-03
-1.770000E-06,-31.160851941E-03
-1.767500E-06,-15.482459217E-03
-1.765000E-06,-15.482459217E-03
-1.762500E-06,-15.482459217E-03
-1.760000E-06,-15.482459217E-03
-1.757500E-06,-15.482459217E-03
-1.755000E-06,-15.482459217E-03
-1.752500E-06,-15.482459217E-03
-1.750000E-06,-15.482459217E-03
-1.747500E-06,-15.482459217E-03
-1.745000E-06,-15.482459217E-03
-1.742500E-06,-15.482459217E-03
-1.740000E-06,-15.482459217E-03
-1.737500E-06,-15.482459217E-03
-1.735000E-06,-15.482459217E-03
-1.732500E-06,-15.482459217E-03
-1.730000E-06,-15.482459217E-03
-1.727500E-06,-15.482459217E-03
-1.725000E-06,-31.160851941E-03
-1.722500E-06,-15.482459217E-03
-1.720000E-06,-15.482459217E-03
-1.717500E-06,-31.160851941E-03
-1.715000E-06,-31.160851941E-03
-1.712500E-06,-15.482459217E-03
-1.710000E-06,-15.482459217E-03
-1.707500E-06,-15.482459217E-03
-1.705000E-06,-15.482459217E-03
-1.702500E-06,-15.482459217E-03
-1.700000E-06,-15.482459217E-03
-1.697500E-06,-15.482459217E-03
-1.695000E-06,-15.482459217E-03
-1.692500E-06,-15.482459217E-03
-1.690000E-06,-15.482459217E-03
-1.687500E-06,-15.482459217E-03
-1.685000E-06,-15.482459217E-03
-1.682500E-06,-15.482459217E-03
-1.680000E-06,-15.482459217E-03
-1.677500E-06,-15.482459217E-03
-1.675000E-06,-15.482459217E-03
-1.672500E-06,-15.482459217E-03
-1.670000E-06,-15.482459217E-03
-1.667500E-06,-15.482459217E-03
-1.665000E-06,-15.482459217E-03
-1.662500E-06,-15.482459217E-03
-1.660000E-06,-15.482459217E-03
-1.657500E-06,-31.160851941E-03
-1.655000E-06,-15.482459217E-03
-1.652500E-06,-15.482459217E-03
-1.650000E-06,-15.482459217E-03
-1.647500E-06,-31.160851941E-03
-1.645000E-06,-15.482459217E-03
-1.642500E-06,-15.482459217E-03
-1.640000E-06,-15.482459217E-03
-1.637500E-06,-15.482459217E-03
-1.635000E-06,-15.482459217E-03
-1.632500E-06,-15.482459217E-03
-1.630000E-06,-15.482459217E-03
-1.627500E-06,-15.482459217E-03
-1.625000E-06,-15.482459217E-03
-1.622500E-06,-15.482459217E-03
-1.620000E-06,-15.482459217E-03
-1.617500E-06,-15.482459217E-03
-1.615000E-06,-15.482459217E-03
-1.612500E-06,-31.160851941E-03
-1.610000E-06,-31.160851941E-03
-1.607500E-06,-15.482459217E-03
-1.605000E-06,-15.482459217E-03
-1.602500E-06,-15.482459217E-03
-1.600000E-06,-15.482459217E-03
-1.597500E-06,-15.482459217E-03
-1.595000E-06,-15.482459217E-03
-1.592500E-06,-15.482459217E-03
-1.590000E-06,-15.482459217E-03
-1.587500E-06,-15.482459217E-03
-1.585000E-06,-15.482459217E-03
-1.582500E-06,-15.482459217E-03
-1.580000E-06,-15.482459217E-03
-1.577500E-06,-15.482459217E-03
-1.575000E-06,-15.482459217E-03
-1.572500E-06,-15.482459217E-03
-1.570000E-06,-15.482459217E-03
-1.567500E-06,-15.482459217E-03
-1.565000E-06,-15.482459217E-03
-1.562500E-06,-15.482459217E-03
-1.560000E-06,-15.482459217E-03
-1.557500E-06,-15.482459217E-03
-1.555000E-06,-15.482459217E-03
-1.552500E-06,-15.482459217E-03
-1.550000E-06,-15.482459217E-03
-1.547500E-06,-15.482459217E-03
-1.545000E-06,-15.482459217E-03
-1.542500E-06,-15.482459217E-03
-1.540000E-06,-15.482459217E-03
-1.537500E-06,-15.482459217E-03
-1.535000E-06,-15.482459217E-03
-1.532500E-06,-15.482459217E-03
-1.530000E-06,-15.482459217E-03
-1.527500E-06,-15.482459217E-03
-1.525000E-06,-15.482459217E-03
-1.522500E-06,-15.482459217E-03
-1.520000E-06,-15.482459217E-03
-1.517500E-06,-15.482459217E-03
-1.515000E-06,-15.482459217E-03
-1.512500E-06,-15.482459217E-03
-1.510000E-06,-15.482459217E-03
-1.507500E-06,-15.482459217E-03
-1.505000E-06,-15.482459217E-03
-1.502500E-06,-17.442258205E-03
-1.500000E-06,-31.160851941E-03
-1.497500E-06,-15.482459217E-03
-1.495000E-06,-15.482459217E-03
-1.492500E-06,-15.482459217E-03
-1.490000E-06,-15.482459217E-03
-1.487500E-06,-15.482459217E-03
-1.485000E-06,+195.933506E-06
-1.482500E-06,-15.482459217E-03
-1.480000E-06,-15.482459217E-03
-1.477500E-06,-15.482459217E-03
-1.475000E-06,-13.522660229E-03
-1.472500E-06,+195.933506E-06
-1.470000E-06,-15.482459217E-03
-1.467500E-06,-15.482459217E-03
-1.465000E-06,-15.482459217E-03
-1.462500E-06,-15.482459217E-03
-1.460000E-06,-15.482459217E-03
-1.457500E-06,-15.482459217E-03
-1.455000E-06,-15.482459217E-03
-1.452500E-06,-15.482459217E-03
-1.450000E-06,-15.482459217E-03
-1.447500E-06,-15.482459217E-03
-1.445000E-06,-17.442258205E-03
-1.442500E-06,-15.482459217E-03
-1.440000E-06,-13.522660229E-03
-1.437500E-06,-15.482459217E-03
-1.435000E-06,-15.482459217E-03
-1.432500E-06,-15.482459217E-03
-1.430000E-06,-15.482459217E-03
-1.427500E-06,-15.482459217E-03
-1.425000E-06,-31.160851941E-03
-1.422500E-06,-15.482459217E-03
-1.420000E-06,-15.482459217E-03
-1.417500E-06,-15.482459217E-03
-1.415000E-06,-31.160851941E-03
-1.412500E-06,-31.160851941E-03
-1.410000E-06,-15.482459217E-03
-1.407500E-06,-15.482459217E-03
-1.405000E-06,-15.482459217E-03
-1.402500E-06,-15.482459217E-03
-1.400000E-06,-15.482459217E-03
-1.397500E-06,-15.482459217E-03
-1.395000E-06,-17.442258205E-03
-1.392500E-06,-15.482459217E-03
-1.390000E-06,-15.482459217E-03
-1.387500E-06,-15.482459217E-03
-1.385000E-06,-15.482459217E-03
-1.382500E-06,-15.482459217E-03
-1.380000E-06,-15.482459217E-03
-1.377500E-06,-15.482459217E-03
-1.375000E-06,-31.160851941E-03
-1.372500E-06,-29.201052952E-03
-1.370000E-06,+195.933506E-06
-1.367500E-06,+195.933506E-06
-1.365000E-06,-15.482459217E-03
-1.362500E-06,-15.482459217E-03
-1.360000E-06,+195.933506E-06
-1.357500E-06,+195.933506E-06
-1.355000E-06,-15.482459217E-03
-1.352500E-06,-29.201052952E-03
-1.350000E-06,-15.482459217E-03
-1.347500E-06,-15.482459217E-03
-1.345000E-06,-31.160851941E-03
-1.342500E-06,-31.160851941E-03
-1.340000E-06,-15.482459217E-03
-1.337500E-06,-15.482459217E-03
-1.335000E-06,-15.482459217E-03
-1.332500E-06,-15.482459217E-03
-1.330000E-06,-15.482459217E-03
-1.327500E-06,+195.933506E-06
-1.325000E-06,-15.482459217E-03
-1.322500E-06,-15.482459217E-03
-1.320000E-06,-15.482459217E-03
-1.317500E-06,+195.933506E-06
-1.315000E-06,-1.763865482E-03
-1.312500E-06,-15.482459217E-03
-1.310000E-06,-15.482459217E-03
-1.307500E-06,-15.482459217E-03
-1.305000E-06,-15.482459217E-03
-1.302500E-06,-15.482459217E-03
-1.300000E-06,-15.482459217E-03
-1.297500E-06,-15.482459217E-03
-1.295000E-06,-15.482459217E-03
-1.292500E-06,-15.482459217E-03
-1.290000E-06,-15.482459217E-03
-1.287500E-06,-15.482459217E-03
-1.285000E-06,-15.482459217E-03
-1.282500E-06,-15.482459217E-03
-1.280000E-06,-15.482459217E-03
-1.277500E-06,-15.482459217E-03
-1.275000E-06,-15.482459217E-03
-1.272500E-06,-15.482459217E-03
-1.270000E-06,-15.482459217E-03
-1.267500E-06,-15.482459217E-03
-1.265000E-06,-15.482459217E-03
-1.262500E-06,-15.482459217E-03
-1.260000E-06,-15.482459217E-03
-1.257500E-06,-15.482459217E-03
-1.255000E-06,-15.482459217E-03
-1.252500E-06,-15.482459217E-03
-1.250000E-06,-31.160851941E-03
-1.247500E-06,-31.160851941E-03
-1.245000E-06,-15.482459217E-03
-1.242500E-06,-31.160851941E-03
-1.240000E-06,-15.482459217E-03
-1.237500E-06,-15.482459217E-03
-1.235000E-06,-15.482459217E-03
-1.232500E-06,-15.482459217E-03
-1.230000E-06,-15.482459217E-03
-1.227500E-06,-15.482459217E-03
-1.225000E-06,-15.482459217E-03
-1.222500E-06,-17.442258205E-03
-1.220000E-06,-15.482459217E-03
-1.217500E-06,-15.482459217E-03
-1.215000E-06,-15.482459217E-03
-1.212500E-06,-15.482459217E-03
-1.210000E-06,-15.482459217E-03
-1.207500E-06,-15.482459217E-03
-1.205000E-06,-15.482459217E-03
-1.202500E-06,-31.160851941E-03
-1.200000E-06,-15.482459217E-03
-1.197500E-06,-15.482459217E-03
-1.195000E-06,-15.482459217E-03
-1.192500E-06,-17.442258205E-03
-1.190000E-06,-31.160851941E-03
-1.187500E-06,-15.482459217E-03
-1.185000E-06,-15.482459217E-03
-1.182500E-06,-15.482459217E-03
-1.180000E-06,-31.160851941E-03
-1.177500E-06,-31.160851941E-03
-1.175000E-06,-15.482459217E-03
-1.172500E-06,-15.482459217E-03
-1.170000E-06,-15.482459217E-03
-1.167500E-06,-15.482459217E-03
-1.165000E-06,-15.482459217E-03
-1.162500E-06,-15.482459217E-03
-1.160000E-06,-15.482459217E-03
-1.157500E-06,-15.482459217E-03
-1.155000E-06,-15.482459217E-03
-1.152500E-06,-15.482459217E-03
-1.150000E-06,-15.482459217E-03
-1.147500E-06,-15.482459217E-03
-1.145000E-06,-15.482459217E-03
-1.142500E-06,-15.482459217E-03
-1.140000E-06,-15.482459217E-03
-1.137500E-06,-15.482459217E-03
-1.135000E-06,-15.482459217E-03
-1.132500E-06,-15.482459217E-03
-1.130000E-06,-15.482459217E-03
-1.127500E-06,-15.482459217E-03
-1.125000E-06,-31.160851941E-03
-1.122500E-06,-31.160851941E-03
-1.120000E-06,-15.482459217E-03
-1.117500E-06,-15.482459217E-03
-1.115000E-06,-15.482459217E-03
-1.112500E-06,-15.482459217E-03
-1.110000E-06,-15.482459217E-03
-1.107500E-06,-15.482459217E-03
-1.105000E-06,-15.482459217E-03
-1.102500E-06,-15.482459217E-03
-1.100000E-06,-15.482459217E-03
-1.097500E-06,-15.482459217E-03
-1.095000E-06,-15.482459217E-03
-1.092500E-06,-15.482459217E-03
-1.090000E-06,-15.482459217E-03
-1.087500E-06,-15.482459217E-03
-1.085000E-06,-15.482459217E-03
-1.082500E-06,-15.482459217E-03
-1.080000E-06,-15.482459217E-03
-1.077500E-06,+195.933506E-06
-1.075000E-06,-15.482459217E-03
-1.072500E-06,-31.160851941E-03
-1.070000E-06,-29.201052953E-03
-1.067500E-06,-15.482459217E-03
-1.065000E-06,-15.482459217E-03
-1.062500E-06,-15.482459217E-03
-1.060000E-06,-15.482459217E-03
-1.057500E-06,-15.482459217E-03
-1.055000E-06,-15.482459217E-03
-1.052500E-06,-15.482459217E-03
-1.050000E-06,-15.482459217E-03
-1.047500E-06,-15.482459217E-03
-1.045000E-06,-15.482459217E-03
-1.042500E-06,-15.482459217E-03
-1.040000E-06,-15.482459217E-03
-1.037500E-06,-15.482459217E-03
-1.035000E-06,-15.482459217E-03
-1.032500E-06,-31.160851941E-03
-1.030000E-06,-29.201052953E-03
-1.027500E-06,-15.482459217E-03
-1.025000E-06,-15.482459217E-03
-1.022500E-06,-15.482459217E-03
-1.020000E-06,-15.482459217E-03
-1.017500E-06,-15.482459217E-03
-1.015000E-06,-15.482459217E-03
-1.012500E-06,-15.482459217E-03
-1.010000E-06,-15.482459217E-03
-1.007500E-06,-15.482459217E-03
-1.005000E-06,-15.482459217E-03
-1.002500E-06,-15.482459217E-03
-1.000000E-06,-15.482459217E-03
-997.500E-09,-15.482459217E-03
-995.000E-09,-15.482459217E-03
-992.500E-09,-15.482459217E-03
-990.000E-09,-15.482459217E-03
-987.500E-09,-15.482459217E-03
-985.000E-09,-15.482459217E-03
-982.500E-09,+195.933506E-06
-980.000E-09,+195.933506E-06
-977.500E-09,-15.482459217E-03
-975.000E-09,-15.482459217E-03
-972.500E-09,-15.482459217E-03
-970.000E-09,-31.160851941E-03
-967.500E-09,-15.482459217E-03
-965.000E-09,-15.482459217E-03
-962.500E-09,-15.482459217E-03
-960.000E-09,-15.482459217E-03
-957.500E-09,-15.482459217E-03
-955.000E-09,-15.482459217E-03
-952.500E-09,-15.482459217E-03
-950.000E-09,-15.482459217E-03
-947.500E-09,-15.482459217E-03
-945.000E-09,-15.482459217E-03
-942.500E-09,-15.482459217E-03
-940.000E-09,-17.442258205E-03
-937.500E-09,-31.160851941E-03
-935.000E-09,-15.482459217E-03
-932.500E-09,-15.482459217E-03
-930.000E-09,-31.160851941E-03
-927.500E-09,-31.160851941E-03
-925.000E-09,-15.482459217E-03
-922.500E-09,-15.482459217E-03
-920.000E-09,-15.482459217E-03
-917.500E-09,-15.482459217E-03
-915.000E-09,-15.482459217E-03
-912.500E-09,-15.482459217E-03
-910.000E-09,-15.482459217E-03
-907.500E-09,-15.482459217E-03
-905.000E-09,-15.482459217E-03
-902.500E-09,-15.482459217E-03
-900.000E-09,-15.482459217E-03
-897.500E-09,-15.482459217E-03
-895.000E-09,-15.482459217E-03
-892.500E-09,-15.482459217E-03
-890.000E-09,-15.482459217E-03
-887.500E-09,-15.482459217E-03
-885.000E-09,-15.482459217E-03
-882.500E-09,-29.201052953E-03
-880.000E-09,-15.482459217E-03
-877.500E-09,-15.482459217E-03
-875.000E-09,-15.482459217E-03
-872.500E-09,-15.482459217E-03
-870.000E-09,-15.482459217E-03
-867.500E-09,-15.482459217E-03
-865.000E-09,-15.482459217E-03
-862.500E-09,-15.482459217E-03
-860.000E-09,-15.482459217E-03
-857.500E-09,-15.482459217E-03
-855.000E-09,-15.482459217E-03
-852.500E-09,-15.482459217E-03
-850.000E-09,-15.482459217E-03
-847.500E-09,-15.482459217E-03
-845.000E-09,-15.482459217E-03
-842.500E-09,-15.482459217E-03
-840.000E-09,-15.482459217E-03
-837.500E-09,-15.482459217E-03
-835.000E-09,-15.482459217E-03
-832.500E-09,-15.482459217E-03
-830.000E-09,-15.482459217E-03
-827.500E-09,-15.482459217E-03
-825.000E-09,-15.482459217E-03
-822.500E-09,-15.482459217E-03
-820.000E-09,-15.482459217E-03
-817.500E-09,-15.482459217E-03
-815.000E-09,-15.482459217E-03
-812.500E-09,-15.482459217E-03
-810.000E-09,-15.482459217E-03
-807.500E-09,-15.482459217E-03
-805.000E-09,-15.482459217E-03
-802.500E-09,-15.482459217E-03
-800.000E-09,-15.482459217E-03
-797.500E-09,-15.482459217E-03
-795.000E-09,-15.482459217E-03
-792.500E-09,-15.482459217E-03
-790.000E-09,-15.482459217E-03
-787.500E-09,-15.482459217E-03
-785.000E-09,-15.482459217E-03
-782.500E-09,-15.482459217E-03
-780.000E-09,-15.482459217E-03
-777.500E-09,-15.482459217E-03
-775.000E-09,-15.482459217E-03
-772.500E-09,-15.482459217E-03
-770.000E-09,-15.482459217E-03
-767.500E-09,-15.482459217E-03
-765.000E-09,-15.482459217E-03
-762.500E-09,-15.482459217E-03
-760.000E-09,-15.482459217E-03
-757.500E-09,-15.482459217E-03
-755.000E-09,-15.482459217E-03
-752.500E-09,-15.482459217E-03
-750.000E-09,-15.482459217E-03
-747.500E-09,-15.482459217E-03
-745.000E-09,-15.482459217E-03
-742.500E-09,-15.482459217E-03
-740.000E-09,-15.482459217E-03
-737.500E-09,-15.482459217E-03
-735.000E-09,-15.482459217E-03
-732.500E-09,-17.442258205E-03
-730.000E-09,-15.482459217E-03
-727.500E-09,-15.482459217E-03
-725.000E-09,-15.482459217E-03
-722.500E-09,-15.482459217E-03
-720.000E-09,-15.482459217E-03
-717.500E-09,-15.482459217E-03
-715.000E-09,-15.482459217E-03
-712.500E-09,-15.482459217E-03
-710.000E-09,-15.482459217E-03
-707.500E-09,-15.482459217E-03
-705.000E-09,-15.482459217E-03
-702.500E-09,-15.482459217E-03
-700.000E-09,-15.482459217E-03
-697.500E-09,-15.482459217E-03
-695.000E-09,-15.482459217E-03
-692.500E-09,-15.482459217E-03
-690.000E-09,-31.160851941E-03
-687.500E-09,-15.482459217E-03
-685.000E-09,-15.482459217E-03
-682.500E-09,-15.482459217E-03
-680.000E-09,-15.482459217E-03
-677.500E-09,-15.482459217E-03
-675.000E-09,-15.482459217E-03
-672.500E-09,+195.933506E-06
-670.000E-09,-15.482459217E-03
-667.500E-09,-15.482459217E-03
-665.000E-09,-15.482459217E-03
-662.500E-09,-15.482459217E-03
-660.000E-09,-15.482459217E-03
-657.500E-09,-15.482459217E-03
-655.000E-09,-15.482459217E-03
-652.500E-09,-15.482459217E-03
-650.000E-09,-15.482459217E-03
-647.500E-09,-15.482459217E-03
-645.000E-09,-15.482459217E-03
-642.500E-09,-15.482459217E-03
-640.000E-09,-15.482459217E-03
-637.500E-09,-15.482459217E-03
-635.000E-09,-31.160851941E-03
-632.500E-09,-29.201052953E-03
-630.000E-09,-15.482459217E-03
-627.500E-09,-15.482459217E-03
-625.000E-09,-15.482459217E-03
-622.500E-09,-15.482459217E-03
-620.000E-09,-15.482459217E-03
-617.500E-09,-15.482459217E-03
-615.000E-09,-15.482459217E-03
-612.500E-09,-15.482459217E-03
-610.000E-09,-15.482459217E-03
-607.500E-09,-15.482459217E-03
-605.000E-09,-15.482459217E-03
-602.500E-09,-17.442258205E-03
-600.000E-09,-15.482459217E-03
-597.500E-09,-15.482459217E-03
-595.000E-09,-15.482459217E-03
-592.500E-09,-15.482459217E-03
-590.000E-09,-15.482459217E-03
-587.500E-09,-15.482459217E-03
-585.000E-09,-15.482459217E-03
-582.500E-09,-15.482459217E-03
-580.000E-09,-15.482459217E-03
-577.500E-09,-15.482459217E-03
-575.000E-09,-15.482459217E-03
-572.500E-09,-15.482459217E-03
-570.000E-09,-15.482459217E-03
-567.500E-09,-15.482459217E-03
-565.000E-09,-29.201052953E-03
-562.500E-09,-15.482459217E-03
-560.000E-09,-15.482459217E-03
-557.500E-09,-15.482459217E-03
-555.000E-09,-15.482459217E-03
-552.500E-09,-15.482459217E-03
-550.000E-09,-15.482459217E-03
-547.500E-09,-15.482459217E-03
-545.000E-09,-31.160851941E-03
-542.500E-09,-31.160851941E-03
-540.000E-09,-15.482459217E-03
-537.500E-09,-15.482459217E-03
-535.000E-09,-15.482459217E-03
-532.500E-09,-15.482459217E-03
-530.000E-09,-15.482459217E-03
-527.500E-09,-15.482459217E-03
-525.000E-09,-15.482459217E-03
-522.500E-09,-31.160851941E-03
-520.000E-09,-29.201052953E-03
-517.500E-09,-15.482459217E-03
-515.000E-09,-15.482459217E-03
-512.500E-09,-15.482459217E-03
-510.000E-09,-15.482459217E-03
-507.500E-09,-15.482459217E-03
-505.000E-09,-15.482459217E-03
-502.500E-09,-15.482459217E-03
-500.000E-09,-15.482459217E-03
-497.500E-09,-15.482459217E-03
-495.000E-09,-15.482459217E-03
-492.500E-09,-15.482459217E-03
-490.000E-09,-15.482459217E-03
-487.500E-09,-15.482459217E-03
-485.000E-09,-15.482459217E-03
-482.500E-09,-15.482459217E-03
-480.000E-09,-15.482459217E-03
-477.500E-09,-15.482459217E-03
-475.000E-09,-15.482459217E-03
-472.500E-09,-15.482459217E-03
-470.000E-09,-15.482459217E-03
-467.500E-09,-15.482459217E-03
-465.000E-09,-15.482459217E-03
-462.500E-09,-15.482459217E-03
-460.000E-09,-15.482459217E-03
-457.500E-09,-15.482459217E-03
-455.000E-09,-15.482459217E-03
-452.500E-09,-31.160851941E-03
-450.000E-09,-15.482459217E-03
-447.500E-09,-15.482459217E-03
-445.000E-09,-1.763865482E-03
-442.500E-09,-15.482459217E-03
-440.000E-09,-15.482459217E-03
-437.500E-09,-15.482459217E-03
-435.000E-09,-15.482459217E-03
-432.500E-09,-15.482459217E-03
-430.000E-09,-17.442258205E-03
-427.500E-09,-15.482459217E-03
-425.000E-09,+195.933506E-06
-422.500E-09,-15.482459217E-03
-420.000E-09,-31.160851941E-03
-417.500E-09,-15.482459217E-03
-415.000E-09,-15.482459217E-03
-412.500E-09,-15.482459217E-03
-410.000E-09,-15.482459217E-03
-407.500E-09,-15.482459217E-03
-405.000E-09,-15.482459217E-03
-402.500E-09,-15.482459217E-03
-400.000E-09,-15.482459217E-03
-397.500E-09,-15.482459217E-03
-395.000E-09,-15.482459217E-03
-392.500E-09,-15.482459217E-03
-390.000E-09,-15.482459217E-03
-387.500E-09,-15.482459217E-03
-385.000E-09,+195.933506E-06
-382.500E-09,-15.482459217E-03
-380.000E-09,-15.482459217E-03
-377.500E-09,-15.482459217E-03
-375.000E-09,+195.933506E-06
-372.500E-09,+195.933506E-06
-370.000E-09,-15.482459217E-03
-367.500E-09,-15.482459217E-03
-365.000E-09,-15.482459217E-03
-362.500E-09,-15.482459217E-03
-360.000E-09,-15.482459217E-03
-357.500E-09,-31.160851941E-03
-355.000E-09,-15.482459217E-03
-352.500E-09,-15.482459217E-03
-350.000E-09,-15.482459217E-03
-347.500E-09,-15.482459217E-03
-345.000E-09,-15.482459217E-03
-342.500E-09,-15.482459217E-03
-340.000E-09,-15.482459217E-03
-337.500E-09,-31.160851941E-03
-335.000E-09,-15.482459217E-03
-332.500E-09,-15.482459217E-03
-330.000E-09,-15.482459217E-03
-327.500E-09,-15.482459217E-03
-325.000E-09,-15.482459217E-03
-322.500E-09,-15.482459217E-03
-320.000E-09,-15.482459217E-03
-317.500E-09,-15.482459217E-03
-315.000E-09,-15.482459217E-03
-312.500E-09,-15.482459217E-03
-310.000E-09,-15.482459217E-03
-307.500E-09,-15.482459217E-03
-305.000E-09,-31.160851941E-03
-302.500E-09,-15.482459217E-03
-300.000E-09,-15.482459217E-03
-297.500E-09,-15.482459217E-03
-295.000E-09,-15.482459217E-03
-292.500E-09,-15.482459217E-03
-290.000E-09,-15.482459217E-03
-287.500E-09,-15.482459217E-03
-285.000E-09,-15.482459217E-03
-282.500E-09,-31.160851941E-03
-280.000E-09,-15.482459217E-03
-277.500E-09,-15.482459217E-03
-275.000E-09,-15.482459217E-03
-272.500E-09,-31.160851941E-03
-270.000E-09,-15.482459217E-03
-267.500E-09,-15.482459217E-03
-265.000E-09,-15.482459217E-03
-262.500E-09,-15.482459217E-03
-260.000E-09,-15.482459217E-03
-257.500E-09,-15.482459217E-03
-255.000E-09,-15.482459217E-03
-252.500E-09,-15.482459217E-03
-250.000E-09,-31.160851941E-03
-247.500E-09,-15.482459217E-03
-245.000E-09,-31.160851941E-03
-242.500E-09,-29.201052953E-03
-240.000E-09,-15.482459217E-03
-237.500E-09,-15.482459217E-03
-235.000E-09,-15.482459217E-03
-232.500E-09,-15.482459217E-03
-230.000E-09,-15.482459217E-03
-227.500E-09,-15.482459217E-03
-225.000E-09,-15.482459217E-03
-222.500E-09,-31.160851941E-03
-220.000E-09,-15.482459217E-03
-217.500E-09,-15.482459217E-03
-215.000E-09,-15.482459217E-03
-212.500E-09,-31.160851941E-03
-210.000E-09,-15.482459217E-03
-207.500E-09,-15.482459217E-03
-205.000E-09,-15.482459217E-03
-202.500E-09,-15.482459217E-03
-200.000E-09,-15.482459217E-03
-197.500E-09,-15.482459217E-03
-195.000E-09,-15.482459217E-03
-192.500E-09,-15.482459217E-03
-190.000E-09,-15.482459217E-03
-187.500E-09,-15.482459217E-03
-185.000E-09,-15.482459217E-03
-182.500E-09,-15.482459217E-03
-180.000E-09,-15.482459217E-03
-177.500E-09,-15.482459217E-03
-175.000E-09,-15.482459217E-03
-172.500E-09,-15.482459217E-03
-170.000E-09,-15.482459217E-03
-167.500E-09,-15.482459217E-03
-165.000E-09,-15.482459217E-03
-162.500E-09,-15.482459217E-03
-160.000E-09,-15.482459217E-03
-157.500E-09,-15.482459217E-03
-155.000E-09,-15.482459217E-03
-152.500E-09,-15.482459217E-03
-150.000E-09,-15.482459217E-03
-147.500E-09,-29.201052953E-03
-145.000E-09,-15.482459217E-03
-142.500E-09,-15.482459217E-03
-140.000E-09,-15.482459217E-03
-137.500E-09,-15.482459217E-03
-135.000E-09,-15.482459217E-03
-132.500E-09,-15.482459217E-03
-130.000E-09,-15.482459217E-03
-127.500E-09,-31.160851941E-03
-125.000E-09,-15.482459217E-03
-122.500E-09,-15.482459217E-03
-120.000E-09,-15.482459217E-03
-117.500E-09,-15.482459217E-03
-115.000E-09,-15.482459217E-03
-112.500E-09,-15.482459217E-03
-110.000E-09,-15.482459217E-03
-107.500E-09,-31.160851941E-03
-105.000E-09,-15.482459217E-03
-102.500E-09,+195.933506E-06
-100.000E-09,-15.482459217E-03
-97.500E-09,-15.482459217E-03
-95.000E-09,-15.482459217E-03
-92.500E-09,-15.482459217E-03
-90.000E-09,-15.482459217E-03
-87.500E-09,-15.482459217E-03
-85.000E-09,-15.482459217E-03
-82.500E-09,-15.482459217E-03
-80.000E-09,-15.482459217E-03
-77.500E-09,-15.482459217E-03
-75.000E-09,-15.482459217E-03
-72.500E-09,-15.482459217E-03
-70.000E-09,-15.482459217E-03
-67.500E-09,-17.442258205E-03
-65.000E-09,-15.482459217E-03
-62.500E-09,-15.482459217E-03
-60.000E-09,-15.482459217E-03
-57.500E-09,-31.160851941E-03
-55.000E-09,-31.160851941E-03
-52.500E-09,-15.482459217E-03
